26.802815 38.774060
25.063883 14.427040
22.114107 22.982839
3.560396 15.754096
5.447254 20.024358
11.369995 18.568725
9.858614 3.370678
8.744867 4.246874
32.691969 7.731620
20.331005 10.455541
5.121861 39.425276
0.686126 21.315875
4.438532 10.427529
7.355016 9.263587
33.027603 6.873277
17.161628 31.454719
20.252270 26.839816
11.283600 28.210119
24.176030 34.964092
4.965389 10.491545
35.199896 33.224685
12.807678 3.237858
10.101969 39.214836
28.216398 17.091661
20.459977 3.470344
13.794648 32.665855
31.936192 35.089915
30.914271 18.402108
9.420403 29.306005
10.738102 17.575511
28.901657 37.833042
17.238535 32.700367
17.020236 23.925430
13.135629 13.287635
35.270337 29.001944
25.558133 5.293321
6.375303 23.214221
11.202801 30.499866
5.140756 33.336213
35.643148 8.111041
9.353949 24.051475
11.896932 23.460496
9.551812 20.447519
28.118637 1.468206
22.553826 6.140260
25.335491 11.058320
22.408834 23.483134
23.396771 2.108947
2.658723 17.679753
1.150489 19.139131
29.650238 16.067800
22.701990 11.220387
25.329686 36.488380
13.793456 37.723958
35.369410 38.714402
7.138172 24.322342
29.940102 6.800012
21.164214 28.904320
33.284557 26.668508
10.572333 11.741068
7.163527 22.932197
25.655107 15.589682
27.448922 16.528755
28.494540 19.968971
11.929638 8.152701
4.078987 20.217273
27.271978 1.350920
17.165523 34.074692
10.144617 35.621848
22.390950 21.812057
14.462220 23.428081
12.236350 36.957564
8.863125 1.092078
31.690027 10.090236
5.051016 8.283901
20.368017 8.645097
33.327287 27.934425
12.068884 18.154458
16.996846 34.928610
7.393918 1.590143
15.702296 20.489819
15.384085 29.428978
25.266355 38.205033
8.460428 35.723706
24.339005 18.998926
21.839700 13.913428
12.372279 19.261362
35.978737 20.383194
30.387036 1.954179
12.618861 32.753865
30.613058 6.661555
2.427630 19.769044
23.320105 20.729934
2.500012 18.692838
17.802054 27.969626
9.454112 14.744565
13.878618 38.829891
16.227793 22.217883
10.187800 5.591562
27.157686 0.484912
31.005242 19.579873
21.487141 17.278231
33.931008 39.206471
10.772845 19.359580
24.135619 38.856944
19.916325 23.301770
9.080240 6.425904
4.503034 12.889679
14.322726 3.272088
22.483074 24.711750
3.612586 23.569723
23.011104 15.367160
2.832228 20.736186
25.169824 10.805111
10.086443 39.548493
7.873310 8.508530
4.360612 23.148107
27.923651 5.165481
13.310325 16.076002
7.503209 9.138897
35.162296 18.215533
32.795634 9.584996
6.250602 14.923189
9.456117 24.083563
6.338205 1.284790
5.029294 10.810429
23.930548 17.723869
14.768591 29.793511
15.674099 21.204551
21.312386 30.236568
14.249106 22.140430
10.449830 17.834196
33.662324 7.932840
7.653300 39.181691
7.098576 29.634208
23.810060 16.334979
12.034580 35.766540
5.900849 22.203062
18.837104 22.809193
13.889135 29.894806
7.298555 14.395872
9.390749 35.890057
7.070947 14.411867
24.823062 14.294338
35.115335 12.578618
1.660599 10.774243
7.031797 5.332404
5.168969 34.833425
1.082643 23.108593
13.640246 2.516460
18.465077 33.380175
8.240164 1.085374
6.288049 31.006753
35.369209 6.830707
24.267982 38.146550
13.889241 13.706936
12.806690 36.377903
29.866327 17.126393
33.769355 11.866554
27.390854 22.345108
8.359156 33.965377
0.548275 13.598621
31.293780 32.683235
21.407232 1.560230
6.613227 0.928814
29.050689 2.871619
11.979105 23.197836
21.457977 38.524742
31.732244 34.701405
3.631924 16.909488
27.321493 1.827801
10.150786 7.142966
34.893828 39.235918
26.986176 5.876582
7.097056 30.886082
28.642598 37.320953
8.619723 39.446294
20.463950 8.332009
7.883361 16.270293
13.751144 25.850721
34.001213 27.575188
13.936117 13.575234
6.718935 7.172874
24.530699 3.261362
23.624669 23.105926
27.686868 21.015845
21.166032 11.366953
20.979595 11.435422
5.368526 28.168976
26.818200 38.477237
6.391699 23.687405
34.513191 24.877951
4.817288 23.503449
27.438491 8.929446
33.555251 30.486367
25.228020 18.525673
5.350125 16.541249
13.771015 25.439642
5.683981 37.028791
30.124062 7.984516
12.370630 34.492536
16.366507 28.611372
19.338123 23.581610
30.268481 8.869815
13.266460 27.241232
31.089214 22.573801
11.085019 38.105224
11.793464 27.571482
10.656588 14.671680
20.236801 10.825573
4.595400 14.400690
33.307307 4.397438
13.296595 11.273221
34.118711 12.819593
33.885277 1.379628
18.287610 33.650933
11.305279 26.735463
22.012032 38.045478
31.958094 5.855811
6.312006 12.692209
30.785514 19.102913
9.895066 14.920456
7.380793 20.783503
25.894846 16.556211
21.009622 30.508546
27.435853 32.884812
3.484267 10.432146
22.525660 30.666919
20.892986 14.676756
5.047336 12.523841
30.435131 1.734075
29.521939 1.539224
27.984907 7.616290
13.689746 35.204262
10.741775 20.838745
22.788087 5.291100
31.285838 14.960119
6.415704 8.684271
31.459141 14.522762
18.067229 32.319169
8.800512 22.348865
9.367492 8.490603
8.965686 39.547267
8.959577 4.036139
22.640926 6.577279
34.358256 6.455502
27.485434 21.810373
20.765404 5.813947
25.555309 18.381568
34.717478 3.424347
12.800254 23.576576
8.386790 34.341274
13.968156 24.200682
17.351428 29.338835
25.872219 38.602376
9.200624 29.477734
20.761384 36.394134
14.704956 17.509593
27.189087 32.836912
8.432239 5.198753
30.986219 0.635599
35.842192 21.150380
10.077845 0.742084
10.062128 33.213160
12.160411 23.273753
22.361850 9.054260
21.382907 29.299025
31.013293 31.852703
13.782545 26.519525
26.268387 33.622538
10.946608 13.167130
21.342988 9.854762
16.717537 22.072942
9.397535 7.473116
11.881069 35.570762
32.387283 33.167449
32.231039 20.551066
9.907881 1.898955
33.151236 0.312886
31.597388 19.794375
33.405724 29.573693
10.534839 9.107954
31.403748 38.685992
9.702188 17.865000
6.318247 21.099330
30.169381 20.995436
0.850319 15.408695
4.373093 15.970945
2.902297 20.216043
6.419636 23.402401
24.257069 17.861469
24.425685 32.302596
7.864851 35.887458
34.265571 32.656594
23.779640 4.602861
19.630525 28.181144
13.388061 39.428118
22.712575 35.582737
20.457360 1.866263
34.732347 33.734629
33.533139 39.293344
5.843493 18.675891
5.180650 36.821376
25.088321 37.561310
6.490899 6.236077
24.486664 18.351379
7.826398 24.179948
7.779827 2.797935
23.952886 10.720115
32.811197 32.050441
23.056757 19.836721
22.484319 36.488029
7.061832 7.696566
26.422695 6.009215
10.100455 11.652893
18.734549 30.930424
27.992655 2.206961
10.432502 35.223767
7.685633 26.169100
34.418292 26.534634
30.649625 6.220035
23.567056 0.528087
31.877798 2.826182
25.984160 37.384293
32.180231 0.718275
22.026022 10.001918
25.798430 32.125634
10.611070 39.470812
1.447579 15.165666
10.442221 5.769281
21.176340 6.834099
12.591698 29.755698
22.322772 39.261365
19.733466 24.481938
1.470814 18.828497
9.868389 23.330730
34.966719 12.550624
4.991654 17.341219
10.662524 25.009986
21.426549 26.762164
26.419399 2.803033
22.089478 13.099223
34.480010 13.178874
10.913194 24.839892
9.576635 14.081010
35.087602 9.354213
12.140896 19.843676
18.505699 23.411746
13.099172 13.262255
24.080900 37.111189
27.766248 2.238518
11.107130 8.619846
3.545864 10.945843
8.684094 15.478547
29.051496 20.711653
24.116815 39.165217
21.695954 37.119946
10.975601 32.585357
7.991628 5.451649
10.808630 30.813662
24.087012 12.260325
15.739039 34.425575
34.399718 37.314487
12.819282 4.385398
17.334194 23.837067
34.207301 3.774452
10.030349 26.647648
7.390925 5.870304
33.239928 30.943387
25.452006 2.504934
10.241246 25.581404
32.016937 1.657062
23.225406 11.836309
29.546852 16.628629
29.304442 19.135980
11.752888 6.965563
7.936793 33.634277
4.279854 22.996332
5.019288 30.363731
32.046323 18.454833
4.334650 19.116400
23.271647 25.772558
6.415692 10.719719
25.371824 37.801677
21.048027 24.803005
5.849892 24.111460
6.236443 29.394605
8.679683 20.531285
5.722845 15.842948
25.825487 10.082615
22.454735 34.643316
12.388403 29.589532
8.050720 31.428248
28.368817 21.335872
24.018183 31.691626
11.856144 13.170662
21.587186 0.024633
4.044700 18.010699
24.198655 34.574032
7.273709 3.014505
9.244105 0.035304
8.664806 28.722627
34.105795 34.527321
32.266251 23.320134
18.549409 33.638372
25.973295 0.818060
27.314386 2.130535
32.351394 13.947945
11.909058 26.709419
25.479800 1.080136
30.677862 4.459694
13.864569 6.931125
28.246201 19.402476
17.545956 28.905454
0.648702 14.021049
33.328993 24.209565
8.061755 3.813404
7.839381 8.976228
12.897295 18.095079
24.212178 37.983984
34.187631 3.868238
31.550190 39.525389
30.804957 37.312284
2.520261 11.836018
7.084992 23.260003
5.514457 23.134011
19.730342 23.948669
11.766687 1.156359
28.133962 35.850930
15.405484 22.037070
33.688751 39.192661
29.507200 1.996991
25.319522 2.840297
25.057650 15.251285
20.723691 13.864968
16.487828 33.207326
27.674686 19.762241
5.347610 36.916670
29.413477 37.333341
5.893409 19.792275
25.138397 14.267484
22.101952 37.244577
28.888889 8.498703
10.258791 7.061277
20.367154 5.426968
32.540088 16.153865
26.282904 18.728911
8.451273 30.595697
10.506898 39.626393
13.678950 14.234206
12.758587 37.707511
24.281422 10.438220
33.954846 36.542158
11.639474 12.827676
2.110621 13.808620
2.723875 20.444646
10.060081 33.913125
11.362890 18.616222
11.304177 7.419199
24.694350 18.870916
23.775509 18.024130
30.093717 8.108209
2.266297 16.399536
7.575713 13.512086
7.923470 35.941557
7.101832 12.986894
32.467634 30.891347
25.400976 6.020603
24.528501 5.523122
11.124039 15.868118
8.786448 17.346073
30.378634 8.158138
27.157864 39.994886
10.627143 12.217931
12.149917 6.410801
20.078188 37.568397
34.724099 39.958833
14.363073 17.677509
13.211758 6.508485
27.285199 2.689321
8.217745 23.470922
23.218365 7.803065
33.773048 15.463494
33.942390 30.048627
31.354996 13.605980
34.612798 15.972210
13.180022 12.830173
19.016269 25.632881
21.732515 36.787677
30.001782 39.548368
28.795036 0.167169
5.760252 21.840507
4.722602 20.555376
19.400393 21.483795
32.980376 28.585870
6.371662 26.683511
14.607258 27.726879
14.079116 13.916817
25.161121 36.647194
31.588194 20.120755
25.107029 18.846469
18.198288 26.294531
2.121716 13.787819
35.490443 3.573159
11.364654 34.321685
35.639607 28.495812
29.880211 5.457284
29.528640 16.833221
20.057749 37.225546
5.356511 25.615615
12.411080 8.748006
27.989529 8.198318
21.712127 6.317697
15.048632 21.298878
28.236042 18.507025
8.881906 0.459957
35.166288 5.727017
10.262041 15.963921
11.360912 6.482318
29.507630 16.554928
20.495788 25.245083
13.767924 5.902824
31.239402 2.680902
24.014885 19.288351
3.420179 19.196894
6.782246 14.368703
16.188746 33.934466
10.970735 0.372462
35.764217 8.965108
10.106568 20.600599
32.629867 37.198463
34.008601 20.494730
8.095125 17.170308
22.451317 36.793102
33.282824 25.353524
18.317198 20.349771
7.683597 22.136334
10.658388 0.825435
32.388415 33.620190
10.834147 23.258091
34.955800 25.067512
29.228577 1.756928
35.751012 32.462041
11.956382 7.383698
12.853314 10.882362
11.104364 12.209615
32.885224 6.670624
13.950615 24.265826
8.332484 30.375878
11.947247 11.283232
11.087753 2.176496
28.256653 1.932033
35.671017 30.012921
8.290841 20.498974
8.199650 4.044664
33.962203 29.905807
10.434456 39.449645
11.332753 28.616307
33.255821 10.352614
23.801011 18.992482
18.142233 25.263158
6.940320 37.888361
10.771347 22.616424
23.889497 23.212767
34.047489 31.681472
13.756119 32.125365
15.639576 28.550338
34.090218 15.935950
31.164664 15.233950
5.611328 14.971084
14.629116 25.663309
31.188860 38.556386
8.574416 8.600578
9.648877 36.960100
16.453965 31.269903
20.040619 34.540902
6.531322 11.253401
25.254923 39.816684
27.394750 36.624869
25.058431 6.500217
9.741268 13.057640
22.955032 23.078069
10.259798 22.842636
23.312086 11.417347
26.443671 37.046399
24.353282 15.334166
32.457832 7.971539
32.947030 7.490712
7.406643 20.592142
23.706309 7.493042
22.550419 18.348695
11.957204 11.198088
31.540436 11.678602
6.929522 32.257491
29.371552 5.838148
6.005467 27.833016
22.806262 30.112018
6.340747 19.820766
25.976136 37.665406
31.390553 15.154584
5.379149 30.179962
24.345033 34.240366
33.509407 1.827626
20.580013 26.902089
11.969457 4.747674
29.047784 5.399191
33.631403 26.501126
17.956964 25.236477
11.020363 21.370668
35.130222 21.867122
17.404901 21.727523
0.903372 15.197470
20.157331 29.731643
13.310695 30.651823
33.852299 20.093238
27.752419 21.072564
28.485175 8.715143
8.422471 38.006199
30.531168 1.659027
19.953614 26.215064
24.845128 20.633396
20.580098 4.599633
25.219906 2.783716
26.896369 6.602150
21.057803 12.167250
7.348592 36.868750
34.267430 37.541637
21.075233 12.202299
17.731496 24.048446
35.688604 29.420744
31.471565 18.947588
18.021404 25.123341
32.416164 8.423427
7.754658 11.170644
7.960930 35.076824
20.134496 8.916250
20.283359 21.001796
4.729373 18.217432
14.829988 29.350286
32.434570 3.190189
2.363298 12.100398
7.148030 33.263296
22.333719 22.742595
21.761847 24.063391
21.593897 18.528456
34.816691 5.184276
13.987575 16.434054
2.884323 21.692406
30.985830 18.633259
5.567890 0.585117
30.822304 18.022491
35.894046 21.514627
8.681427 27.528148
24.384629 36.925387
9.007820 1.601872
32.041202 35.307821
11.840437 28.335217
32.629800 21.607091
21.736499 33.660115
23.317169 15.934645
20.801854 23.709055
14.164265 32.535449
25.992144 36.352896
22.538923 34.089729
20.249255 7.447454
31.433377 9.458969
5.080716 33.740576
24.986950 38.852770
14.461404 36.787779
12.144765 9.657278
26.072440 18.735431
1.325410 23.638187
12.905454 33.147429
8.841140 39.889584
16.413716 34.656085
6.399640 9.703512
6.323369 10.370844
12.071731 30.277336
12.248971 26.146166
22.757626 1.384752
30.363900 37.980953
18.961421 29.543566
34.484192 15.382018
6.827343 17.091323
32.421377 31.273717
10.793350 3.499265
8.809622 16.047678
15.841901 31.511296
15.310159 23.262001
19.243938 33.115897
12.324212 10.732224
22.569757 15.408684
20.005933 37.977225
21.819000 38.868985
14.264542 14.186259
21.044834 38.679763
14.182559 32.916514
14.846342 30.395950
21.092233 7.658889
9.901836 12.190665
33.043867 32.200949
12.249702 20.617361
34.935701 29.147500
33.363391 11.305217
11.557362 32.251837
28.160831 20.721490
23.454389 37.025515
30.373535 18.257480
13.894510 11.549706
6.522454 12.697082
23.214586 11.450721
10.010219 17.709576
31.205705 39.988544
7.894639 33.074702
22.577416 35.872110
11.813259 16.285207
6.408484 24.815668
22.099578 7.056542
21.488777 1.453136
23.545837 13.130275
9.380660 13.508812
30.963043 36.152771
23.226268 7.192323
24.307476 0.955377
11.639938 27.693328
27.216578 3.311401
34.133375 29.589723
32.157478 15.017351
19.589968 20.587456
6.295285 39.128641
25.738852 34.590126
24.595333 19.754600
6.081685 18.515725
7.026542 9.538502
25.061022 14.254156
33.706563 38.504939
4.452153 21.355720
29.654007 2.560338
17.939164 23.020149
31.359742 9.291114
29.251126 8.760621
33.022131 16.276831
26.501665 20.990372
10.683125 12.974954
14.164710 4.409394
2.699629 20.788054
3.922351 11.718687
11.058913 28.717494
6.768956 7.449852
22.736578 33.319821
27.313362 34.095526
15.124443 22.134969
23.346588 0.282677
28.992969 2.526777
14.116008 15.515635
8.227807 29.805314
12.099567 33.620611
11.010468 7.788934
11.674638 5.705922
32.226805 39.214542
29.866419 5.362981
16.305818 34.747682
9.448306 35.872535
11.981946 22.234978
2.303697 13.482843
31.392240 35.653566
12.407490 25.287099
15.985690 23.867642
12.704335 35.471542
21.013304 10.910958
12.308717 19.625140
27.259634 1.274684
18.334197 22.161357
9.952866 38.648869
34.261045 4.361210
31.520260 14.683692
30.609147 8.855437
6.536115 23.669204
20.991619 3.853733
34.610457 12.622582
22.565004 17.132507
9.957897 25.993774
6.815424 16.045933
20.386373 18.376956
14.681443 21.190245
23.461532 12.740216
20.784747 8.667563
9.912291 18.735752
25.413111 6.714916
22.144466 18.407962
6.918387 6.541079
10.737019 25.735124
7.159007 25.121809
5.754728 14.591311
34.143062 24.572479
24.559980 37.158236
17.990235 30.961008
13.836580 7.555066
16.673358 33.484143
14.713693 15.718877
14.749963 31.844104
17.375382 22.406891
15.552787 20.141513
2.207276 18.228919
10.227552 36.445656
23.113823 24.996169
28.618392 6.330745
24.559668 38.876942
6.004501 10.040107
5.081586 9.660715
24.168355 21.504115
33.947349 18.671499
13.073518 15.524146
3.215307 23.441616
14.946399 30.474905
24.324430 8.052668
12.084939 17.012588
11.121814 33.120106
7.259160 13.198433
10.590494 22.188191
1.327002 17.692327
35.572759 4.541339
29.614673 7.808925
24.668348 3.473795
7.332904 12.432765
33.182071 23.934499
21.957500 30.242780
13.974938 10.812164
30.983120 4.354646
27.666996 2.053199
9.263368 37.944107
8.678076 6.392949
15.931942 25.100331
6.819941 30.409025
19.551214 33.122832
23.189661 19.871904
10.968311 34.962187
33.373589 31.478861
23.599150 18.532701
35.624174 33.521301
33.642021 30.704174
15.422026 25.583955
11.370792 17.092494
8.156262 32.295990
25.238874 16.148776
21.346845 38.098151
10.434880 16.298566
22.055205 21.598134
7.836766 30.364312
6.888493 17.568957
0.764205 15.876573
26.885415 9.416114
35.895133 15.840723
17.867269 23.572774
18.812906 30.820145
13.142233 30.902256
10.765849 21.702221
6.740417 1.178079
2.686205 19.041653
1.842197 18.374758
12.517281 29.598328
4.690586 11.433862
31.476383 12.773380
35.662232 35.836781
30.793336 6.533299
12.382043 38.893674
30.211463 37.899541
21.499677 5.563872
25.469420 2.527886
21.734967 8.116309
34.787830 4.613698
32.985698 15.701947
7.519009 39.597124
23.977830 7.637840
27.431212 3.878844
30.716989 5.721926
31.292429 20.246751
14.658948 25.847349
10.527052 4.008545
14.196614 9.532663
4.473382 19.408966
30.033634 37.908222
8.147305 26.301389
35.761688 17.688706
8.888314 37.299667
9.398840 32.495378
3.767144 20.991378
29.915961 36.597498
8.058143 10.380607
33.638855 27.491566
4.319258 15.426475
20.969523 11.880120
13.443365 18.795333
9.710749 2.103098
7.356481 26.565526
22.616505 14.462170
20.303595 15.914487
35.965443 28.872520
13.578089 1.345978
14.090061 24.092535
32.643819 1.562455
12.941051 19.526041
17.233568 27.721429
18.691734 20.785845
7.110024 18.156676
34.706240 23.101487
14.733310 5.085161
22.957172 23.237415
6.841428 35.368964
5.055479 7.343183
30.531573 16.359890
23.233624 3.402109
19.104993 24.830486
23.044820 15.833168
28.966984 37.533893
21.247135 6.904061
11.122407 18.218843
6.615785 28.331842
12.686243 1.100015
35.119532 37.850081
7.672837 29.931556
4.899901 24.065324
13.259805 15.512323
22.190457 7.969187
8.712774 3.463978
33.041137 25.448185
13.076658 11.007405
35.030888 31.554845
24.538304 15.621630
27.861990 8.948225
26.253186 33.962293
5.686631 35.997039
4.905082 18.665469
35.959141 23.552147
23.661750 11.500783
27.628597 18.297137
24.589310 12.349124
10.476958 20.275423
27.669552 18.725315
33.446506 18.536427
33.129420 0.579725
16.593252 28.619355
11.966365 0.077321
1.287743 13.388521
30.311233 5.347049
9.980936 4.074501
11.918026 14.284806
20.759710 2.907087
31.454541 37.677617
32.460269 39.236998
9.360796 37.111599
12.918423 12.214987
10.691105 8.513728
6.179897 24.135971
35.252000 17.609870
9.129812 21.509038
32.870144 14.366600
10.466327 20.416164
3.507139 12.879738
32.970105 28.629894
29.230696 33.570334
22.569203 3.749715
34.641604 10.590891
11.984531 33.205765
35.742267 22.014489
3.018317 12.964393
6.613162 37.160524
4.791008 15.095846
6.773245 9.473912
23.087941 31.327602
14.060508 37.239724
31.286895 32.077392
13.998236 7.715332
34.233432 36.307919
30.191249 36.967237
1.514169 20.336969
5.367191 28.497527
33.747620 4.812181
6.000747 27.059746
20.545483 18.256343
29.115677 1.129557
34.131486 4.658683
31.671557 2.487593
20.612590 34.090968
8.703761 36.418404
8.241522 29.991838
11.685715 13.616476
33.781132 18.282530
24.263003 34.267633
6.770017 8.723286
7.772565 35.020466
4.755863 11.913702
26.795202 35.034935
14.898575 22.421011
11.237186 15.628331
14.001478 29.445195
22.154782 31.763061
26.544581 6.839262
33.171754 12.105870
34.198874 13.320812
18.447673 29.702545
30.488313 17.270617
35.293651 1.910810
18.271143 33.084347
26.889554 1.971078
24.259242 15.211920
33.444371 33.105310
6.211150 31.300607
24.536960 18.439382
15.447975 32.038834
6.562868 17.711443
24.457909 37.147824
9.977034 37.980476
15.899300 25.441249
1.596799 19.976551
28.339478 33.291175
8.510898 24.218747
11.938126 14.145549
32.320942 37.434170
30.389028 34.941251
13.642533 35.226869
14.583264 15.915307
23.497265 4.433415
22.200737 23.597424
21.733120 10.277666
22.986295 28.124189
33.151488 3.119652
20.465214 37.323850
15.075195 22.486850
19.047218 28.189600
14.161773 25.500750
4.659601 12.226574
28.629957 3.480331
31.788909 34.260072
23.814506 7.424790
7.883628 9.324649
11.773228 29.860469
14.646481 27.524731
11.554035 7.284596
8.899127 20.425508
34.487305 24.537025
4.694873 20.929987
28.377841 5.805986
12.573225 28.177625
22.753743 9.022268
10.636610 39.353884
4.824825 19.782760
24.798154 12.794971
6.805205 5.094014
7.680952 30.256509
4.013122 19.018564
25.966841 19.911597
28.520987 34.480561
20.742235 13.897851
1.823039 16.381120
14.956100 3.664001
27.618526 18.637737
20.031949 18.876379
16.851391 25.325234
22.325111 15.955810
7.561129 26.515360
8.658838 26.552298
13.357004 22.082712
11.351342 23.945307
35.953032 35.593457
29.922157 33.362718
27.890382 15.910261
20.314891 2.534289
16.136472 32.304332
23.064043 32.021321
13.454827 5.672456
31.739497 14.013189
5.828199 36.343928
12.473371 17.953754
31.176331 10.261555
14.857149 7.849728
30.264710 4.289666
5.106789 25.767498
22.162136 32.793752
6.510086 33.793241
20.992202 39.386474
28.255508 4.578942
35.104896 15.634822
33.127641 3.376777
13.164865 20.282603
24.288884 5.330998
3.643620 12.874118
12.509813 22.664313
13.175157 31.262886
3.454493 13.332173
27.340633 6.070275
8.712451 11.265010
12.665330 38.745298
27.774087 36.489522
23.110806 20.694709
10.978020 39.946649
34.020521 7.892590
18.537133 29.794401
29.146271 7.770410
9.584545 2.652998
13.625269 2.801831
22.025761 31.744961
33.430886 28.798411
24.281385 17.724307
29.772853 8.510307
10.414731 13.643448
16.353940 30.452755
22.283620 9.324407
26.704126 37.148132
20.428819 7.010551
24.098340 12.190067
7.249521 4.950093
14.704210 9.249654
13.083601 6.736018
26.714879 37.492435
26.047703 2.049684
19.539451 23.754222
35.159262 4.001084
10.349979 21.113848
2.927887 20.469956
23.056790 38.833465
6.253989 28.041155
32.657968 25.571902
29.808449 36.231056
25.758987 8.928951
29.521465 34.873722
18.900953 23.767562
24.963223 13.481816
24.513929 8.854865
29.865009 0.223785
7.199854 31.318804
18.562310 34.393019
4.070591 24.135832
32.573743 39.591558
14.575043 22.628341
24.114703 23.065520
11.927367 8.175353
13.546451 4.277192
25.579002 1.781983
14.152140 26.853984
13.710124 20.521196
35.716354 5.939115
15.532527 31.417428
21.293181 13.962250
28.877498 17.644740
26.011009 36.103850
29.662124 8.451034
13.195732 12.420819
3.029396 21.272434
15.422376 34.384720
19.199007 28.738117
22.805515 19.127397
4.158830 18.954249
20.531785 35.231712
13.541995 21.236319
6.103461 2.842394
16.778135 33.095857
33.114745 0.376826
26.949951 20.255145
31.891634 6.542554
3.844701 24.704393
7.630485 38.056683
14.982582 26.994633
6.650357 14.788455
32.960958 0.350299
10.577840 16.244294
14.498811 2.317726
6.262741 3.469798
25.014860 22.240144
17.290520 23.776090
33.044239 32.715457
12.830441 19.314330
33.374411 26.909889
8.667851 14.306004
33.612596 26.126468
18.868378 29.682044
10.525674 8.691159
35.243478 5.258488
20.270142 7.671986
33.629387 23.584447
33.986343 14.252991
6.692406 32.395914
30.123697 1.673948
22.281575 13.109419
5.377909 33.569090
8.838682 16.820810
14.483761 18.749972
34.460521 32.949681
10.208151 39.664793
28.440251 2.133875
4.657024 17.465756
20.114253 16.178532
23.701258 3.123899
31.572064 34.105013
11.291104 2.890505
2.769457 18.826991
32.268120 37.659086
1.150868 24.900383
13.907192 29.272136
19.061485 21.377516
32.866695 18.785118
34.943838 31.864848
11.982757 14.045782
32.096465 17.896150
10.827400 15.811012
1.169644 20.604460
31.502852 15.645698
30.924240 38.496516
5.684460 39.484966
22.546106 4.933768
20.356403 8.365511
31.034226 36.611415
27.019335 38.427714
20.193021 27.521251
28.299745 1.368600
26.135467 0.297812
6.899087 8.211410
15.897552 20.955365
2.031673 18.482591
31.397526 39.995778
30.864097 20.038851
24.065101 23.765367
13.633474 28.503910
27.208033 22.048484
9.988026 37.654254
11.638325 5.984913
34.654064 7.691614
26.586773 7.441065
11.532779 32.315765
13.015787 1.870316
24.944071 3.363638
2.364052 19.728173
25.957309 17.151062
21.442904 31.141958
8.835091 9.833457
31.446721 2.557157
31.359165 20.631996
12.928862 38.971805
22.120247 23.768157
9.756882 20.619770
12.302886 0.120633
27.654469 0.640720
8.385326 36.877335
9.385388 22.154617
20.585190 38.595732
23.757608 30.475087
30.203365 14.946191
21.960370 13.245003
9.476560 22.480652
32.736677 34.512233
0.837251 20.510116
18.798798 33.069465
35.108454 9.761206
25.544509 3.049286
11.141085 25.026558
20.817166 34.601373
17.542551 34.712730
10.985443 5.856073
33.951369 19.182625
22.524670 5.698479
14.011387 36.713679
10.421068 4.369593
20.989150 5.384540
9.061034 5.745145
30.313604 3.591375
26.246148 7.328812
13.663543 26.356745
13.263277 12.165449
5.463799 3.629173
10.997437 16.127696
13.109780 24.224732
24.376626 16.746633
32.481038 2.006646
25.562323 1.485165
20.374393 7.384434
7.734572 36.882728
29.282256 17.268381
8.547985 39.670389
25.161315 3.017773
7.136201 15.093080
28.809857 17.033023
19.295980 20.899957
23.049555 34.886008
26.786536 18.209307
11.985916 3.736795
31.365923 7.655439
7.778289 15.418338
8.228317 25.097123
25.268302 37.240198
22.676391 14.334411
22.558874 12.152432
23.173446 21.874495
20.161004 27.356622
24.414796 32.720698
28.792774 32.645714
16.074950 25.320490
11.346699 15.720590
35.751771 37.739985
0.094113 23.499805
27.160046 9.267244
3.015567 13.470900
11.360278 11.741312
31.051661 17.009813
21.929760 37.752438
26.001980 6.355355
6.431768 1.044516
8.441354 13.635433
34.724076 39.347032
29.009887 15.536658
24.016262 0.894627
12.606157 16.131445
21.281882 9.216194
8.972199 25.638517
15.400479 27.306011
3.998165 12.716733
18.757853 22.123149
11.803548 18.249172
11.694238 36.930675
25.445242 34.894311
1.545552 12.244285
6.158379 1.148362
23.704194 35.178775
13.782355 11.921209
22.671877 2.364073
24.686008 12.138978
31.213143 14.002850
5.673477 15.201952
32.793213 3.694718
14.536129 27.014598
24.034309 38.224633
21.111576 17.994226
21.830514 13.976379
0.490474 13.282652
32.917582 6.706408
11.189627 32.336635
14.081369 20.529598
8.894856 5.969593
9.497544 39.691323
25.746378 14.737028
12.834179 0.270940
33.949488 23.838215
32.784088 14.560254
14.575202 2.337627
33.929505 0.270825
35.863764 16.474285
7.548401 11.227604
1.161088 11.017820
13.474224 33.629481
7.598543 27.894137
30.354799 22.124285
33.612993 11.604724
2.289303 16.103929
23.949391 14.367185
4.736752 19.146361
17.653865 33.193773
14.362740 1.637737
0.249067 14.079263
2.526967 24.079202
5.715993 38.224810
34.090685 14.147818
20.088212 26.914899
22.072760 29.952674
10.560504 23.729079
22.777794 31.478694
32.694615 39.852018
5.522114 15.665685
1.316309 23.708237
10.591785 31.484962
0.885015 21.079799
11.725247 32.824277
18.759979 28.636252
20.493299 33.487447
6.844542 39.844254
6.169055 13.904986
31.466398 8.963355
13.280513 36.763772
35.002554 4.832705
11.606363 28.259857
24.304093 18.376552
2.351699 21.762917
4.531279 24.800139
7.971344 15.721263
20.222822 24.910375
19.287562 22.515538
21.384947 15.862925
26.404106 5.573275
31.043259 13.784871
32.336248 16.405964
7.141329 39.803563
34.806809 25.911366
32.430891 5.975368
17.636588 29.585278
12.383869 25.656835
7.994465 7.259547
35.701221 16.796884
28.039542 2.414219
26.920863 0.514675
5.332726 5.841254
3.106476 17.548255
20.360184 2.741788
24.694367 5.496836
16.046861 22.428840
23.207374 37.354353
29.055504 17.902613
35.918809 18.571075
0.511586 15.416874
15.001902 21.754047
23.273481 25.653235
20.449131 33.595980
4.099819 13.011875
23.463639 21.087388
20.236487 0.327685
24.394989 3.934683
33.775213 6.945893
27.156402 20.689699
35.861435 20.888431
5.801402 36.562572
31.989530 7.243775
23.635688 13.704764
34.342147 24.036858
0.904501 18.736644
23.955740 19.255071
13.523001 0.343520
31.891449 17.132804
18.977361 23.086150
9.295625 31.420427
21.899649 36.815905
7.063459 4.962112
32.307534 2.368760
28.709425 36.185490
14.648232 3.849933
33.608637 26.673521
26.279749 1.589281
9.662919 19.019091
21.609982 28.865044
5.371419 21.670088
13.500709 38.890936
32.284324 36.324251
12.309138 5.940875
29.972468 22.548325
30.294247 8.989121
31.261345 38.683707
30.646831 17.486502
31.908361 5.051173
7.951480 14.620174
28.896411 5.347491
3.630063 11.836479
17.820741 27.377451
10.628118 2.558214
12.869769 5.190547
25.616178 38.722662
13.471711 30.201866
29.051581 15.350975
19.592361 31.923691
12.952060 30.205488
30.327173 9.433018
7.811537 24.003801
5.811479 11.189398
25.227885 33.535516
5.248481 15.818646
23.012667 36.193884
20.077836 26.090876
21.589970 18.856270
12.234785 14.046179
13.227872 23.929402
33.352280 15.864297
27.798095 35.785332
34.055350 14.127009
24.538938 38.959783
12.876652 27.496838
23.315977 9.091562
9.120900 8.101295
10.189765 31.232582
34.702649 23.091944
20.072570 2.656700
29.501875 7.847437
24.658968 7.499315
8.675225 23.820603
35.275542 17.343056
12.352548 23.303030
26.758351 38.035968
9.718571 8.608040
31.554398 38.404193
22.019139 2.902021
24.806817 13.435709
25.264653 3.047691
2.802035 17.572318
2.893743 22.428788
24.791610 19.033842
26.241383 22.355922
8.553577 32.738262
6.265346 25.989547
22.237790 25.065498
33.433746 4.676224
28.575773 4.557955
7.392920 5.152258
9.462469 32.271260
21.295327 19.917471
12.303490 12.910620
5.020639 19.869442
22.764048 35.826811
17.514262 30.501537
22.497920 7.078936
34.807535 26.275109
12.761619 0.380391
1.265356 21.800807
14.840882 11.943260
11.827339 2.105419
20.466813 34.866166
29.018572 15.940506
6.422292 21.595193
22.946445 31.676568
7.730081 10.958146
28.884992 32.749509
34.295503 38.558304
34.228709 10.862702
34.200105 6.220366
28.578994 4.670120
32.208175 10.619469
7.359634 8.570084
21.169307 21.344391
34.857623 28.147676
30.131928 22.507383
20.176666 27.024912
22.519922 30.103095
5.518854 16.597328
11.717845 3.156759
11.298273 25.006485
13.357356 23.477328
5.527435 7.065380
15.055876 25.763419
26.384080 15.505921
22.845613 16.566803
8.580228 8.260312
24.828824 11.077429
15.189324 25.967715
22.291864 8.899613
3.503212 17.949631
12.181980 29.892176
24.708332 37.549631
4.412404 17.880516
13.479110 13.520997
11.839936 7.636461
21.492204 25.788306
4.980932 23.492893
10.046713 34.716342
7.495237 39.691616
27.262877 36.827430
7.956825 8.904798
19.190483 33.383556
6.835224 33.690639
34.463167 3.653406
27.385656 38.441581
21.064947 1.942798
22.166814 3.549438
23.482416 15.097371
14.374970 26.880787
10.467291 23.243740
24.421648 38.948330
22.553721 4.366434
29.418252 17.871713
6.168520 16.914353
21.004212 24.571579
19.214507 24.091346
5.764792 23.203789
23.539141 4.377583
25.109377 6.934773
20.726034 10.900140
12.943893 13.466943
6.906960 14.308293
14.899957 18.319167
22.546441 3.383656
23.094670 0.138769
33.256704 27.547027
31.047831 38.162805
8.819676 2.941493
18.210584 26.678669
33.445243 32.633338
14.438853 3.154910
7.536764 34.497080
7.834187 39.677040
0.522868 12.623472
9.056951 30.855026
6.602041 21.851194
32.297430 34.348732
9.368500 20.063184
3.170755 19.367745
7.997945 17.751403
9.526129 9.257933
23.668755 24.137558
20.551126 27.975366
26.404043 32.787301
26.128014 17.293798
35.924938 37.124987
11.504857 2.005231
33.887700 25.761218
10.738950 15.036499
7.118212 4.146514
34.159422 7.522581
23.717635 35.762193
14.512137 20.018920
31.303496 17.732480
9.701625 6.925968
21.008594 22.967073
23.006481 9.874496
31.433741 38.297264
23.904744 6.055279
5.846703 6.264916
1.060616 24.924737
30.684920 3.077728
2.552151 12.852518
12.571396 21.120349
35.608628 3.409737
12.989802 27.205995
5.017843 2.087543
12.772835 34.833682
35.745490 26.976440
7.158342 31.220821
9.018442 30.236704
5.115370 1.803009
9.427372 2.040442
23.574907 38.285584
13.715627 34.065308
20.954141 17.071212
16.667366 31.933742
26.825336 4.737754
31.287178 34.717791
7.511122 23.694480
23.349685 34.168375
22.891790 32.648496
9.495606 5.122503
35.717806 21.860142
25.772305 7.071960
17.357788 24.780939
7.409519 0.155701
31.031977 23.062573
22.595956 26.915981
20.212339 17.517465
8.685286 39.239860
16.313146 31.732149
28.229853 4.586665
4.351634 21.328000
5.180242 38.873903
30.908998 32.453033
8.185875 12.703687
31.442545 5.129854
15.353104 34.639993
23.653553 12.767126
8.165325 11.587261
13.237947 20.040772
29.870769 22.127661
35.945912 10.070426
16.140238 21.054759
9.668067 12.781432
16.242980 24.597488
11.453829 26.449475
30.013739 21.524107
21.380886 9.144499
17.005051 28.826259
11.041300 33.539286
11.478732 34.766267
28.364983 35.941104
31.338397 18.500691
14.482169 28.195845
22.647892 16.786137
22.455575 37.418769
8.776419 3.208149
27.288482 19.210044
9.125466 36.229469
15.104106 22.188515
7.104326 11.356201
33.288168 24.225872
15.564479 30.098230
5.276813 19.195097
6.574129 8.648271
10.069864 38.879423
32.737922 31.318218
7.777579 18.152133
9.678272 0.371017
14.298839 16.206526
28.866964 4.257594
11.706125 17.984551
35.188306 26.168129
4.521477 23.776757
23.779096 20.193306
35.776386 18.938507
3.355314 11.711308
29.108573 18.119325
15.218186 31.941306
13.809214 17.720413
10.413125 27.489222
6.402787 11.071901
30.744941 23.303172
33.814888 38.653971
6.371980 8.505735
9.889121 6.595194
11.095630 34.403325
33.006315 27.252048
34.267668 28.106338
5.932406 15.092729
6.117303 38.932411
16.884350 34.049222
33.140310 36.753351
3.350575 18.693637
13.030327 5.896551
33.373318 37.178171
32.094464 30.604869
18.014518 32.862294
15.476174 30.182613
29.048307 17.362843
10.064826 26.283973
33.660697 26.559622
33.006484 17.729268
31.367242 7.448905
0.478553 21.906622
27.115157 6.711380
34.810207 14.633910
12.117774 14.772750
35.664286 36.715088
33.993244 20.429608
13.907134 25.742350
29.804558 7.637871
6.336118 13.839697
26.180353 18.958275
34.987562 2.192512
29.118511 20.379692
6.639421 10.567173
34.621327 16.321842
32.195363 22.775618
18.080389 33.925625
21.013275 37.044709
28.762550 8.905912
9.810497 22.498162
35.762137 0.038642
34.388713 22.201127
30.099366 18.795976
26.888157 16.920249
31.944178 7.721558
21.876653 37.891913
27.841015 32.822614
11.207167 6.036809
4.146910 21.321951
10.702425 34.660459
11.934054 36.744329
23.868407 3.794473
7.754038 22.152282
0.229511 11.957830
31.666003 38.072094
6.588398 1.504122
26.821584 33.216073
12.658980 2.525502
31.649863 6.906852
29.703863 1.809357
8.516628 8.021091
23.390118 29.779198
10.296538 16.845832
12.111401 35.932429
11.277226 8.040574
8.520832 9.172918
8.857472 18.895897
1.951988 13.442284
21.276266 35.431551
29.755721 15.217526
14.576258 25.537015
10.327825 4.618968
6.461296 20.510141
11.187335 5.331779
27.026922 37.979632
22.144561 36.614944
28.321845 35.220958
33.902555 0.686086
8.175691 27.533330
34.123832 24.178547
21.270599 6.243879
35.667336 10.002623
35.680745 4.633730
35.787282 34.436877
14.615291 26.112735
5.174244 6.270353
20.799449 27.330150
8.203329 33.499219
29.624264 0.213111
33.442173 30.287775
33.939877 29.007750
7.252857 31.931947
17.468861 33.428440
27.265017 1.076148
12.192746 32.076064
8.067912 34.218233
13.611955 36.414932
21.555419 12.666444
0.280942 15.085900
15.928075 25.208184
25.384794 22.680932
6.650749 10.659151
7.525528 6.375785
10.067728 30.273842
11.328139 11.519454
14.232858 0.716497
6.738442 1.907811
5.811216 4.448071
32.871151 25.149352
7.944376 16.948932
1.256685 10.424189
34.238038 38.433840
20.765738 37.487919
20.268948 33.476479
8.604788 2.851204
7.544301 36.987395
1.753144 21.736494
20.154973 0.987606
24.588774 6.101799
1.817155 11.127798
6.144757 36.751146
23.044359 36.416054
31.276289 33.000810
9.400189 14.372752
13.187957 21.400748
34.964230 9.139735
32.657191 25.660867
35.936382 9.192591
33.513995 36.113519
10.103583 20.604256
31.865299 35.360671
13.858324 14.323024
10.283975 9.283229
26.857346 7.404455
23.451145 16.815870
32.163060 15.383107
21.417964 26.230556
26.063788 34.171664
33.434053 25.904067
3.067297 20.689920
33.334074 37.134674
17.296391 28.164459
29.970602 36.743038
31.780860 2.070748
6.101395 37.873359
14.120394 11.796062
3.243534 14.327715
22.488577 9.370729
13.980794 15.806525
20.977824 31.202526
23.214241 6.048074
20.915384 2.438386
16.218593 21.906164
23.688447 7.261691
34.448939 9.246478
25.896442 17.559572
21.727432 1.731896
34.301048 0.411036
9.021439 3.348849
11.898957 33.814569
7.274341 9.830478
7.594808 35.380135
30.610244 10.110014
16.932407 28.861064
13.031693 36.767567
18.533906 22.073336
35.688245 15.581309
6.924811 34.265129
22.203190 22.531663
34.277444 33.477915
29.884505 39.063416
28.091790 16.429029
35.423896 32.158326
3.733649 13.454042
5.968452 14.538735
14.025033 39.197087
31.038277 22.162988
14.784555 23.707250
7.130932 6.241694
33.067686 5.900354
5.140874 4.656044
27.526103 6.238749
34.065925 16.467555
35.472875 6.627028
26.356347 8.394361
0.818954 15.745202
15.981310 29.968567
20.892544 12.776633
5.338939 19.318596
33.661266 13.554607
31.903503 32.799657
8.686817 4.867873
34.231853 38.803757
11.651321 3.589385
21.724723 23.824391
10.784841 9.868984
11.862988 4.893271
34.898792 15.173396
31.753635 5.012437
8.792959 12.962356
14.358284 20.148540
10.539513 22.845248
33.802814 39.141871
14.160088 21.375511
12.967136 36.926694
0.063470 12.863044
5.914540 26.806903
8.283616 18.100072
14.579332 9.236530
34.033888 10.309938
7.611220 25.270046
11.458938 13.551936
30.519861 39.501917
9.475177 7.675592
12.466770 39.253232
20.695425 16.320066
21.946965 34.643590
22.229805 22.455568
32.573083 16.009564
6.378404 23.696703
9.565606 31.923056
27.596943 39.571994
22.970511 24.917856
10.302797 33.885107
13.273077 18.805315
35.082913 38.619402
33.286244 1.994033
29.614093 35.979492
26.750245 33.292796
5.864873 11.923008
8.065407 16.920402
27.195801 3.935506
27.213300 9.250007
11.741913 7.275535
23.451578 14.109000
6.673323 2.124375
33.563463 33.172542
8.383336 31.973293
31.789219 20.758533
9.284404 16.524225
16.731326 34.970499
23.613846 18.216506
5.177160 19.141726
13.292089 22.071956
19.029428 33.566570
20.637476 37.283882
7.325378 5.204266
14.095588 4.964066
4.057145 13.061597
25.352288 15.900665
33.126027 13.500558
23.678412 22.624994
31.328563 5.565536
32.892419 30.556748
0.952843 10.613873
30.885593 6.255420
16.930424 31.561555
22.490338 0.001068
9.791366 32.940456
31.240513 37.806408
10.189042 3.942307
9.692451 10.027213
9.124041 25.336127
20.745592 28.811470
23.208161 14.430851
7.949248 17.547275
8.994474 27.456182
1.116271 13.644420
14.994389 5.518667
22.269428 5.154867
26.633060 21.717870
27.262834 6.032811
34.780242 5.133122
14.615061 38.621788
33.356676 0.968558
34.875695 35.656532
16.021553 29.422598
20.396810 7.399157
31.414314 17.056914
33.806796 16.972698
33.303501 3.638643
5.917436 35.632947
25.526528 0.511158
24.183016 14.972645
31.722671 14.284562
35.571102 39.981934
6.233702 39.404902
27.444767 39.403580
10.092481 19.227287
10.736055 16.551155
15.006259 26.823272
24.887811 8.941137
13.026204 9.090710
6.087230 1.413287
21.361112 37.163376
2.679094 19.049090
15.539932 21.977993
5.958672 6.819323
5.369373 8.307978
8.877240 4.509693
23.053726 6.595727
20.915854 21.310311
2.581832 21.898469
34.251401 11.073626
18.484175 30.995942
23.854958 16.012199
8.163414 36.741793
21.026734 25.753771
20.605512 5.297039
32.292331 17.348545
34.923086 38.683764
35.683286 37.890472
6.297426 4.618643
10.849344 37.625351
34.704778 9.029945
28.907911 21.368553
5.468433 36.897290
29.324565 32.573113
7.293103 26.262157
32.441543 4.124640
30.996895 35.848992
27.696374 21.443686
34.447111 12.609384
3.676076 17.311425
28.897181 4.906057
31.780198 5.176759
28.448047 1.433752
29.084125 17.836116
16.640323 28.838132
26.102096 35.244539
12.905185 36.133417
7.929387 24.688353
9.716537 8.341437
10.543618 35.098623
34.512129 16.081877
0.478114 12.215922
21.676016 24.151384
34.376669 4.565004
28.672921 21.514123
5.176919 35.058195
6.834203 38.562026
20.703002 8.442610
23.627439 32.137506
8.181446 25.986441
10.687188 11.681411
13.069634 35.461038
33.068132 4.949066
32.936792 38.888885
22.629160 11.271150
20.323413 11.290206
5.177990 37.631382
5.525347 33.374396
7.618512 27.672221
32.116020 9.596754
29.003903 3.857265
20.527729 20.325039
3.381500 17.636645
13.372135 21.090995
24.638075 14.988388
17.348362 23.491621
9.660320 30.542114
6.272754 6.446681
12.607162 6.890341
5.698386 35.538117
11.453651 3.629177
25.543765 4.416818
11.416725 18.745372
34.132624 7.149839
35.310311 18.655508
32.260782 5.248671
25.913369 15.007823
22.209903 31.049534
35.968488 38.026748
22.003111 39.525511
14.880225 4.927444
22.810960 3.159469
10.957267 28.078684
33.103269 32.739829
18.903482 30.191850
11.587744 21.304248
33.530568 7.191210
4.887593 14.957822
35.084142 8.532095
11.210777 14.319118
22.609815 18.355985
32.084136 32.323346
6.092565 21.706582
7.761683 30.699450
23.243575 24.112929
30.205604 34.890500
33.536186 20.642090
20.774744 22.627376
23.300249 14.837956
26.547503 38.791675
14.546357 21.161099
33.676474 14.874562
6.415109 21.635345
6.986331 9.356568
27.300762 5.049416
10.800322 36.837570
34.460449 27.286752
7.280966 36.628250
15.387828 28.881494
9.901567 1.466342
26.748318 2.529119
21.324442 39.605238
5.842337 25.366521
30.015620 33.915237
20.137209 17.080400
7.834816 4.740667
23.838297 8.163546
24.313418 0.009236
20.328595 23.288400
15.857249 29.076307
10.640765 27.589890
25.698764 15.602348
35.730463 37.458384
14.552925 8.841803
22.509238 35.311691
9.748959 10.023797
31.646988 4.705647
7.060590 29.246556
4.498646 17.226455
10.767241 9.129133
12.406367 31.769044
7.517773 26.434156
28.300636 2.124574
33.608982 27.225900
34.137637 14.443946
22.063622 28.737173
0.258834 20.176984
29.039785 15.906603
11.375170 1.683674
33.398823 34.718745
25.375261 0.363355
34.747618 28.496068
33.734102 36.113510
22.365362 0.286174
9.232969 28.895910
18.937239 30.975457
33.818634 28.767608
11.072909 0.374942
22.640229 2.321736
15.840274 26.951250
32.514974 39.342153
9.801487 6.912733
9.062087 5.723613
23.231773 15.933784
13.225990 7.195670
32.455038 14.790822
8.742067 39.034649
9.295166 22.186161
0.568190 20.792297
3.583322 10.545771
10.735479 24.724009
9.405356 38.167463
2.294244 24.656803
14.147755 36.769649
23.357258 30.492217
7.987506 19.998007
30.417378 15.692616
11.896358 12.812186
13.475633 28.272822
5.447036 7.041097
13.301536 33.743811
19.221436 27.673335
15.233777 33.657679
29.948918 4.255794
31.868731 34.476594
29.797266 5.240105
13.338704 12.344684
20.697145 6.251645
21.745384 37.895231
24.428815 22.668118
19.063796 31.075600
7.105966 1.872460
5.628761 15.490899
19.851420 26.166995
4.835462 21.107572
5.431558 23.572756
35.545136 18.736852
33.949211 32.050672
0.875664 23.771112
13.778920 8.582140
26.661751 32.427849
16.692274 29.972831
23.096574 3.606539
22.453946 10.193504
14.398487 22.735367
13.577464 1.556586
29.415951 33.834989
17.878897 28.703538
12.088122 6.323570
24.313662 0.796313
6.133619 33.977713
32.703300 35.103496
5.722471 14.895775
32.785813 0.615945
15.833661 26.294677
6.105945 12.928554
33.682747 37.793415
8.295538 6.183576
25.818709 33.636249
10.029764 35.200768
23.354100 3.733856
29.298754 9.128501
21.104709 28.572224
5.212975 20.929400
9.825820 18.331509
6.844371 13.346211
22.388264 15.212925
33.349919 3.985900
22.556455 11.667449
32.283176 10.578396
7.088839 6.971347
24.718004 36.662538
21.790274 29.000315
14.541321 11.770475
6.180154 27.912469
20.693777 35.930620
6.507219 30.248238
21.434220 10.990839
25.453554 2.985570
14.565819 13.393048
13.574965 37.486051
20.262867 34.683445
9.195039 17.569819
30.292241 5.327561
35.794952 38.482075
17.205031 33.770812
32.585938 37.628795
8.781573 14.614860
6.426507 39.647676
15.651916 22.274193
35.203349 8.606250
4.922363 22.019679
30.745230 39.994129
16.195333 33.124874
32.890002 7.906899
35.316079 1.904698
11.940663 33.386202
28.211224 15.627537
1.279118 24.801912
26.204685 34.696301
20.394535 15.706828
30.901308 15.723146
7.837898 24.914798
3.401213 20.246498
7.142818 5.026616
32.667038 34.261804
33.990749 13.501857
15.650618 20.882014
24.019265 37.508298
5.224905 19.452614
14.386085 8.290131
30.992685 18.772574
23.946189 14.056203
7.344493 15.168943
32.498890 23.965617
7.751082 10.386594
35.637958 28.949693
20.312927 23.850238
7.769787 25.745274
21.679802 6.805268
23.115262 14.697684
21.666952 3.664971
10.017016 37.134339
33.669343 12.994318
35.191581 23.465231
31.175502 7.889311
26.651103 35.062445
21.392016 13.351897
30.028666 4.701454
26.462612 16.868481
21.645481 3.484100
1.100977 13.830491
35.737686 15.357441
26.179925 8.926738
24.663488 18.319186
8.347812 25.077894
25.675118 8.447469
13.114564 7.228278
33.256246 2.299710
32.235300 7.031978
0.249209 21.582110
34.630533 22.891561
30.054865 8.337350
20.242643 28.294990
10.494202 12.826790
19.214711 27.095416
33.732531 22.390465
11.014348 7.113996
28.336596 34.001990
28.964071 6.962631
23.030366 21.739825
30.192230 15.853732
14.302529 5.939934
16.830145 31.707904
8.683776 1.220010
31.226127 9.123848
32.151364 39.202993
22.234891 23.234048
34.066891 10.491482
33.945249 16.801498
11.090104 19.859563
13.394904 35.932215
9.689717 3.952802
14.719012 36.973391
12.575606 2.679321
25.139768 32.175265
11.306500 19.808950
11.392108 30.769663
26.194923 1.888774
30.170254 8.118164
34.931568 24.695440
22.033844 37.931391
24.659140 19.290567
9.034273 14.799147
22.924861 9.491144
11.994307 2.337856
13.144832 23.780406
12.732407 16.847296
9.121738 12.923206
13.398725 33.148142
13.803664 38.644399
14.736845 3.251311
20.884739 14.544543
5.129549 32.048674
11.212729 16.238744
24.030696 39.356849
32.456665 23.965181
20.697480 16.460429
20.796296 13.076513
34.560805 11.845893
17.485589 30.015312
12.300225 1.344310
9.358642 37.305336
18.925666 28.084491
13.779377 6.489565
33.895504 37.045854
29.340078 15.688515
28.121339 2.238497
20.614847 30.866190
16.983567 20.591496
8.245820 13.561616
34.333978 36.574820
29.942782 16.802072
23.376298 8.994516
14.963426 10.207546
10.866415 23.646983
8.514323 32.676794
8.704014 2.690011
23.929498 20.517578
6.362930 29.574923
20.964097 8.386951
5.774553 5.573599
12.132320 6.142116
19.684912 25.329030
21.969494 33.181039
14.408177 33.470439
23.437946 16.990049
21.463695 0.256605
12.119893 0.207209
8.336843 22.342183
11.904248 2.916109
6.808941 34.294404
23.453544 39.428946
21.922086 6.653778
5.790967 17.522513
32.767259 5.482399
10.758772 31.218194
7.873448 23.997660
20.013180 37.891223
5.994626 14.409119
32.220004 19.718798
20.691245 22.893116
25.693751 4.788302
32.817495 31.771901
14.298532 24.872537
29.306853 7.575539
24.914038 39.448040
30.922891 32.043601
29.158893 17.966828
7.233330 18.012428
3.823547 18.363167
11.298484 39.839436
11.786795 38.949309
21.278902 5.604654
34.430536 38.576140
8.318766 31.308595
9.899500 11.546398
17.743938 28.169842
1.488101 14.873798
11.973352 1.206700
22.845073 26.883713
29.918514 33.011669
1.860340 15.161434
8.635864 32.446459
19.658501 32.857457
0.923361 17.780496
32.737537 29.400927
7.081038 21.593826
18.519645 20.178636
21.127735 2.328449
18.284550 25.656383
28.516049 8.509030
10.734727 31.053146
6.483591 26.358320
13.809143 35.651769
30.022493 32.675409
13.421696 25.476184
25.609597 1.374315
23.283984 14.196010
5.194443 21.307143
10.717239 31.700250
24.273276 36.673829
20.502265 38.915914
24.752633 34.224732
35.580808 4.372999
28.344147 17.838553
34.490315 19.934455
35.764362 14.579376
33.091739 1.377925
34.510858 15.025756
9.609904 24.177569
5.416736 19.598061
13.143705 38.942161
4.955056 11.165910
25.097055 6.076347
9.901745 9.034107
21.096399 18.807468
21.472303 8.965206
12.526320 25.400471
33.596858 24.791383
24.204450 11.992542
6.220218 4.581566
15.246931 25.461942
7.007722 20.062098
31.032785 20.914758
3.403423 11.622550
2.435408 15.294088
21.344712 25.111043
32.921877 21.861860
35.919285 26.904781
6.720504 8.928439
11.927850 23.756553
27.637407 16.952815
32.531833 2.348327
32.005423 17.360389
3.446352 17.470346
17.829193 22.556041
0.665374 12.170759
5.202092 38.451311
14.555823 26.042076
11.589071 4.526648
28.325270 7.411042
13.914368 16.514173
12.650661 36.887761
32.063443 36.440137
21.282175 19.764870
22.673204 19.384765
10.216693 5.254783
14.781684 15.449503
33.488209 33.305441
24.305335 20.850847
14.248639 35.237550
4.730578 11.626619
3.546720 23.303023
6.869816 36.412055
31.386027 3.917530
12.236098 14.933226
35.840216 12.776508
0.746989 13.682807
14.797406 10.404739
14.251256 14.709767
8.771068 24.545192
8.096351 19.467669
21.345169 13.147072
27.216670 6.623497
28.211718 20.281731
28.923361 34.311007
0.845039 19.603199
26.425621 39.539898
30.600068 7.406436
21.385991 33.550435
14.376728 7.597091
5.738591 21.059162
32.476282 10.734579
10.462817 3.799981
9.496634 21.871216
7.132240 25.548380
4.475515 16.526203
10.971108 24.426434
21.200287 0.590374
11.927826 7.724060
3.861966 11.393674
28.386801 8.728166
22.960311 6.218641
19.513745 30.398319
14.044822 25.940753
6.982909 11.424726
10.839913 22.788392
20.972652 24.285176
33.281928 9.143627
27.906318 0.833636
35.959592 27.560747
5.322530 4.374364
11.997192 33.335967
24.021905 0.723273
30.096843 9.342802
19.160387 22.524830
6.184365 6.447901
2.090741 15.868044
5.601324 28.601121
24.150163 0.071746
14.919913 34.020256
23.211776 30.757280
8.234444 7.313378
30.081265 18.313167
25.645555 14.947646
27.337084 5.097349
30.131731 9.483079
12.521346 39.191170
25.429994 15.536483
11.057783 8.663427
10.207169 35.532604
33.882683 27.229987
5.026894 33.701557
24.999185 31.537921
8.754257 10.945741
15.012770 24.788228
25.057633 21.738182
13.660662 39.888540
8.993805 5.222385
10.743629 31.863602
25.449824 32.300639
24.322570 36.435725
34.290585 21.077033
23.484248 22.613639
9.528531 36.871189
11.314585 7.565798
2.865562 18.045751
26.554548 22.656364
5.325845 6.525164
21.512630 17.094350
13.955260 19.920109
11.112143 38.746000
12.929427 32.141424
7.924552 28.560909
26.281300 2.808745
9.532487 9.678707
24.770600 9.996394
7.191120 30.402989
10.376875 27.928429
24.892962 20.286968
16.696796 23.104676
6.037328 21.302672
9.669969 0.533423
12.111487 19.379776
23.101249 36.645857
10.116877 7.712035
33.892692 7.413363
20.947308 25.636134
26.169050 8.901248
21.557120 32.090484
22.625619 26.646081
7.125810 28.813790
11.054447 18.087873
14.799906 17.593641
18.978695 22.762592
30.405224 7.579039
23.281630 11.217705
14.273390 18.405951
15.296298 28.536227
13.129959 0.747723
30.045334 22.639787
21.462444 35.292544
16.647962 25.418013
10.129449 12.922274
25.507841 3.333895
27.872034 21.608598
27.522950 21.185254
26.203647 15.086652
12.188718 3.772767
26.735843 3.632134
32.621490 15.971582
26.846082 7.185561
20.970254 15.140054
30.181840 8.451597
27.511984 0.237117
8.030054 14.547173
14.792964 24.457049
33.790508 4.286868
19.044892 31.805733
23.767467 35.839661
5.214897 34.835154
16.569681 23.063096
28.370883 18.462940
34.045955 21.183820
27.844643 3.714253
25.209466 22.056505
15.646449 30.743209
29.405254 8.296433
11.512109 1.647837
3.145489 15.559218
4.569353 14.277459
22.141261 25.701983
29.020261 1.986787
8.614751 37.547077
3.934776 20.966579
31.506396 22.519389
0.052942 17.477139
21.684249 1.663765
9.097701 33.111382
34.804053 9.631327
34.196742 21.403556
28.636732 36.075632
33.727717 18.709667
30.236637 39.990400
5.299457 29.851814
18.859510 21.745632
35.385727 22.460091
9.172529 22.981206
11.682019 4.115307
24.588370 36.425638
10.808440 1.471579
30.302753 5.770274
35.870570 25.367755
34.710995 14.029067
8.940949 7.176735
29.954805 1.973706
20.936315 26.394650
20.291874 30.671528
34.553334 9.918007
15.968606 21.688113
8.698975 36.367180
0.040045 12.815131
8.848171 35.040478
24.720759 34.577318
14.727625 25.647230
29.853606 16.565316
11.602127 10.217568
20.268614 21.667202
29.641615 5.383338
32.061963 12.151436
31.110660 14.876175
23.655039 37.957553
5.997629 38.935709
33.331873 39.246296
12.356187 19.974815
20.597841 2.218258
27.604503 2.490972
26.025105 21.791575
10.865827 7.293479
9.051490 16.541219
20.743683 27.762659
18.020799 33.589750
33.608999 37.053162
5.029862 28.565398
30.604726 5.102374
11.030368 1.372362
28.381575 3.063084
31.523026 15.274823
22.228753 24.616460
9.311018 21.847856
7.867694 12.129169
8.682519 8.475264
11.227267 3.386458
34.825044 1.461584
30.678314 20.448915
29.722153 39.812761
15.536054 23.897218
4.466537 19.366036
20.894418 3.933936
23.153855 24.638099
4.583961 12.569111
22.272845 7.222469
11.468320 37.053833
6.056289 29.561601
23.297825 14.550685
11.555586 18.990598
4.574542 10.795797
2.020334 15.598680
22.798957 22.344867
12.397163 4.567144
35.202048 23.819111
21.159568 38.422165
25.196681 16.777346
16.127469 33.074762
22.542458 21.290084
30.345056 34.046750
24.070408 20.749979
20.802808 26.211889
1.554610 17.267826
30.567466 5.377523
11.927092 19.996560
33.971341 23.894379
20.419956 17.031066
7.404282 35.273740
5.733479 3.627359
21.453279 39.940738
4.735451 18.474084
4.663330 12.783617
22.915896 20.890789
31.701676 33.683374
7.513424 2.880908
8.061694 31.344638
6.865256 13.176559
34.389769 36.131215
6.340222 25.013621
23.434908 34.052242
34.701834 30.519214
14.087513 32.601666
20.632522 10.631659
10.493728 15.354656
4.982600 19.499873
8.219737 3.279022
12.866648 17.635419
10.048141 8.938493
16.622046 28.500332
5.532603 15.604417
32.944923 19.974183
33.195488 5.731494
8.930281 19.512144
14.865015 23.141580
25.512178 1.198650
1.286241 16.418480
14.991465 33.836795
29.171407 36.447191
12.372520 2.519991
35.211242 9.405634
10.314187 33.663199
13.927559 23.692479
8.188444 20.836879
34.948878 10.313805
1.094366 21.817828
21.349011 39.537606
16.561280 28.714673
21.175732 35.482901
21.173313 18.811026
34.750048 20.829156
29.645210 7.505718
14.456995 39.914418
27.937319 21.211045
6.986671 24.651745
14.414673 31.867532
7.983075 37.207338
7.415528 15.208470
2.543930 20.003289
3.383651 18.567360
30.920227 31.687729
33.043913 34.133638
33.669497 34.656184
20.101722 12.707102
14.920065 13.087899
17.426973 26.332650
17.586480 32.598422
14.324599 34.135370
25.833228 9.302255
6.608721 33.348866
8.462929 12.024903
20.052894 36.106030
21.516492 18.696543
6.444045 38.158037
15.965023 21.284333
12.804440 6.506058
27.905767 1.600442
15.837073 34.694297
12.568005 13.675159
8.802100 39.132822
17.609909 34.676307
26.031183 17.976134
26.769266 1.105565
29.575520 33.989395
25.830220 37.800591
20.846445 6.541542
26.696964 7.031867
25.191558 4.027927
9.177033 27.070907
31.878511 33.744987
31.206459 21.622566
20.779404 33.250390
24.605743 5.290747
9.043369 19.950254
34.629528 18.500441
33.894671 0.698049
5.531583 30.952007
12.882661 3.569681
17.509185 32.747157
12.270662 8.167886
7.317185 4.046043
35.075830 17.545680
12.206579 29.641485
14.274310 7.807714
9.237841 19.580326
2.308838 16.406385
9.904636 25.349724
9.150458 29.485210
20.533345 28.860654
5.488908 17.411693
9.057212 33.153009
5.198130 28.761808
22.754157 32.072061
22.635369 4.928203
15.730993 34.036566
21.719078 6.034365
32.886261 4.146549
34.187534 23.367773
23.526621 9.368175
23.818005 0.844963
35.713553 34.809212
14.905761 1.656827
22.362866 20.756197
14.344859 16.448369
21.099163 10.824593
20.992630 1.868630
35.007554 34.215436
35.122237 6.431184
35.162752 4.947556
27.192363 8.907581
13.361582 18.905575
35.843485 11.374988
11.569175 6.574168
20.813379 28.919576
10.611682 39.394177
8.080247 3.669455
24.358520 8.623070
35.699850 32.558583
31.735785 14.818256
17.079890 20.496106
9.929138 34.062092
21.614365 8.758835
9.206414 13.984125
20.767844 12.984485
30.217651 16.333425
25.335381 1.342261
24.202442 33.297208
32.709289 0.146193
31.864092 12.015359
34.685018 33.581487
18.222093 25.713768
20.983975 23.413145
23.226040 29.454607
24.368618 1.553821
20.604139 3.071559
0.583854 12.875124
6.521547 30.435221
4.464444 18.186932
8.955140 7.814809
4.536389 11.103131
11.119756 32.218538
14.414581 34.515085
26.170502 22.629084
20.460176 15.004562
0.905231 16.068869
34.486000 22.383968
30.838461 35.767340
9.769499 25.633788
33.313679 5.032457
24.406007 23.002172
15.657925 20.346572
10.542556 2.864542
31.415461 10.902994
7.229011 18.477810
14.336543 36.791275
17.949544 29.515418
14.153673 22.154376
32.390609 20.902926
8.563055 20.874773
28.771454 20.680082
3.475038 11.520694
20.009074 18.550111
21.701373 21.357363
21.697894 1.998735
30.722477 8.968325
11.992779 31.517366
34.396075 3.608406
35.343607 33.508308
20.421401 24.790054
13.282502 10.295142
17.932623 29.606393
28.107841 16.797418
5.398297 31.641535
26.792066 19.378276
3.289804 22.612191
13.743366 38.079618
32.891098 33.688930
27.067207 20.425531
22.814922 3.614781
8.357442 27.788922
18.802624 26.082654
16.702017 27.845059
12.703741 19.535389
5.800714 27.673428
35.720755 17.048600
13.844915 36.277510
25.269293 19.310219
2.397838 15.246893
7.671795 2.496972
14.345300 26.170799
22.903489 27.611488
23.908439 24.197792
9.935342 28.193011
23.077883 12.712893
20.108996 2.511823
21.189237 11.467385
31.562762 10.599771
28.059550 7.402589
18.723467 33.921601
33.675867 27.808107
14.369336 19.722160
19.322385 31.736942
11.212074 16.042649
1.445140 14.608008
14.374171 38.753304
11.729951 13.464814
24.865637 8.944381
28.646399 32.964863
13.444769 30.899952
29.740509 9.189166
12.731097 32.861016
12.182784 27.569537
28.252847 39.149088
23.845135 12.083700
15.292074 32.982332
17.428521 31.941846
9.064803 21.812341
28.325155 16.230297
27.826704 6.383347
22.970630 34.450691
22.584729 31.215765
27.832189 36.735683
22.699273 19.558730
15.390407 25.753663
13.784987 17.563485
12.067151 26.042889
7.310838 36.257256
15.892393 33.802665
22.654767 23.955676
33.236720 19.938609
9.371814 33.833028
8.206925 8.985038
8.749832 4.506069
27.557988 39.851531
12.499492 23.965237
34.821697 27.202121
25.086242 17.685027
26.797195 3.601828
14.753699 36.804606
10.251098 13.413256
33.903635 18.780636
6.286805 6.312311
7.398815 5.835913
6.398322 32.188011
4.790696 11.864463
10.780588 21.327620
17.429907 28.512090
23.884076 21.237591
8.080321 1.773703
22.632548 12.001087
13.350261 26.356663
20.862585 14.707784
14.122311 34.485472
5.276204 13.753681
35.275238 0.379521
20.758018 34.432726
29.798439 39.524743
13.306233 20.454189
6.209510 4.319306
33.770828 33.362458
29.295780 36.300426
1.774622 21.129330
12.223240 23.740157
10.868808 29.682778
14.972884 13.228126
7.367558 21.915557
31.863293 22.657306
11.880900 35.264890
12.009185 25.169111
0.288567 18.190263
5.228973 8.461417
9.366974 16.051912
20.239679 16.269149
31.563321 22.987870
31.916941 2.610369
8.759796 7.471729
20.315994 28.262258
5.821874 18.371585
7.054892 32.705884
22.399225 28.499496
14.035538 39.863503
32.369502 24.364232
31.295673 23.432777
27.369114 39.756076
12.871346 35.538928
34.193505 21.831400
22.111777 14.217316
16.379515 20.962175
10.910622 36.958263
9.325462 5.507986
9.490472 3.881469
0.641804 11.691294
14.670488 0.466393
3.829854 23.579805
32.674628 33.937424
11.415851 34.969785
31.649592 35.642214
30.849189 5.259081
7.022228 37.372863
8.492062 36.124001
27.855881 6.813590
27.841833 39.271249
22.204072 13.139457
9.089076 22.768298
11.656045 24.151886
22.308769 27.753715
14.755545 23.599581
7.806780 11.775691
31.480893 36.253820
22.856779 10.493806
22.625024 14.689335
16.553065 22.202639
33.835051 39.935625
0.082445 18.827697
7.810698 24.516678
8.727534 19.491408
11.811005 32.464387
24.494179 32.202941
9.617652 27.088050
35.980765 39.862240
6.807552 13.555607
1.218532 21.336200
24.987876 13.034224
21.074329 29.377314
35.568746 5.139372
15.216039 24.520508
3.826274 10.302784
28.671877 39.259207
21.033004 35.001914
19.805269 22.980452
20.641036 34.369677
7.473056 39.376929
27.791060 2.055107
22.617313 28.279178
11.850867 33.386464
28.427215 37.300469
13.562080 4.355026
33.184704 6.901130
12.016373 21.188454
32.352903 37.456562
24.113392 13.297639
17.735090 32.065461
26.606796 9.249714
25.409346 7.715276
5.289402 18.379628
22.186907 23.882239
8.554358 33.828858
23.507715 0.150272
29.383646 36.376878
24.169732 9.328421
28.123439 20.898896
20.839193 9.887131
35.020136 16.198355
35.697103 13.339239
5.280634 9.224128
26.164535 39.784800
23.253008 24.525574
17.081091 26.550865
14.107016 34.944197
20.060044 4.644882
2.714332 18.355499
14.545315 5.720164
10.474911 32.586933
15.522098 20.567599
11.027556 4.755039
5.860610 20.571059
26.315384 20.128848
7.925574 11.799873
17.665804 34.438020
13.067888 5.737814
22.591688 5.095265
25.533510 8.279362
27.021404 1.446291
8.244723 36.406158
15.323885 30.719257
0.919214 18.655600
0.761692 21.958544
16.801341 29.893180
10.160824 38.923024
14.561856 33.741856
9.759465 7.395946
17.380817 24.632262
31.832069 39.037482
30.369099 5.091427
14.766361 7.946620
2.157185 20.691096
12.730715 22.330793
18.566087 28.725244
10.287422 7.954094
10.227984 31.043885
10.588185 31.442088
22.098839 11.385042
23.782039 11.993636
31.543202 8.771336
33.769636 11.672686
35.347469 33.496024
35.840233 30.587487
13.377488 23.666027
22.223736 27.040180
14.516773 0.254902
7.744170 6.535892
23.207498 20.802114
12.243899 26.572371
16.304097 20.299865
11.929363 32.894911
9.593100 5.863527
18.666149 28.109916
19.821635 31.563999
9.131631 3.922944
31.335790 20.923321
32.868095 0.862259
32.645376 8.207023
11.224521 9.846696
29.765743 7.604704
13.438270 30.531226
4.787875 15.827385
9.549257 16.770303
7.698604 39.177512
8.104169 2.934469
22.431498 28.355066
30.859131 32.816808
10.126168 7.262202
13.743162 17.159434
32.001221 4.207047
21.585190 25.035498
31.293967 12.030474
21.916894 28.378248
5.925692 34.499348
29.803557 34.440137
35.441003 36.950737
19.298219 26.797397
0.798969 21.125668
34.097018 33.011497
3.970849 17.228609
8.227289 22.491571
21.559727 36.862152
24.561390 6.735245
34.731852 26.288857
21.003291 0.420999
21.387601 11.068605
19.931522 23.482106
23.589988 31.811101
7.636650 26.869494
26.089709 5.794570
17.617050 32.698333
32.723695 8.739317
10.092174 38.311536
32.112482 1.008124
30.211548 32.816248
33.093817 0.781207
3.580071 16.147138
20.909467 39.855010
35.175322 29.775104
7.415543 17.606454
34.097021 35.563144
18.129428 30.308151
34.882974 33.011546
12.116272 32.957997
2.569488 18.094241
34.049163 1.663817
31.974757 38.657646
21.592341 23.416545
14.887866 16.023277
26.020195 6.954859
7.647485 22.930379
15.317459 28.349949
30.177778 3.441287
30.870440 19.964662
34.630555 12.001732
2.297997 13.845954
15.670280 28.615445
24.719484 6.950505
8.831093 11.383930
29.678766 32.233153
21.657228 9.221902
8.045356 11.926150
9.529708 34.579198
24.753803 34.784542
6.566987 21.144463
12.906805 0.934820
7.194094 21.762762
5.442470 25.903496
7.582828 7.180440
16.489003 24.243445
29.940439 33.404905
25.862596 4.969849
33.614038 18.912274
25.252662 7.359065
6.875813 20.073244
8.008934 5.714757
5.260962 4.001937
10.496377 39.719646
34.530686 13.912027
11.411788 10.917642
3.048200 14.378777
11.997711 21.596333
30.926632 31.976338
13.979392 2.374014
28.785528 39.654864
21.803602 16.652376
7.657806 17.846960
26.460682 17.986004
6.109225 3.290514
23.921321 31.332574
26.465415 35.628706
28.550487 16.035834
10.437082 26.570605
21.457089 21.423737
20.693134 8.405565
19.467647 21.019368
31.175775 3.123256
5.524889 38.130807
6.877451 21.013073
22.483044 13.019012
12.451857 38.287221
12.618676 16.683074
7.005212 14.210737
1.942891 15.889568
35.552383 33.455486
30.355756 36.693966
14.018749 30.777458
4.653295 24.026358
6.162339 34.868762
17.645548 33.513779
8.120281 26.681281
13.054472 37.276693
5.632334 19.309477
26.498915 8.102295
25.438591 7.416723
14.942788 39.680125
26.375400 38.750246
9.447847 36.989210
3.608471 23.154548
20.716296 7.060073
5.043224 32.546524
20.822801 31.668570
13.558757 32.225347
7.768849 17.161037
13.088701 26.471469
34.617083 9.319879
6.493645 9.660856
34.378418 38.588568
20.401792 13.761639
7.204962 4.956449
19.548163 34.202042
12.424888 26.111301
22.610539 21.583385
31.745189 22.018460
7.217435 6.284335
18.401911 23.170333
15.814856 28.754398
10.624644 28.072561
6.372369 3.074768
6.044800 10.838420
25.021304 22.451802
6.678800 2.783568
14.495942 10.994924
11.690766 11.838772
26.569002 38.429528
8.259810 34.642931
22.665336 35.458260
33.920389 26.804453
5.863453 10.858493
22.721495 22.863425
20.599033 37.007198
3.025304 13.756455
2.559514 21.463516
2.684695 24.791658
9.628855 11.894767
8.347407 8.066824
6.649940 7.553818
2.591963 18.415415
33.883034 39.351310
25.514813 7.467754
22.361741 1.962572
17.436872 32.420874
18.808311 28.597794
31.289399 17.011373
13.840024 29.758445
29.743794 2.563963
10.376918 36.540510
33.696791 29.889380
5.758634 17.033053
6.606489 34.111700
28.831857 0.468218
3.576055 15.991171
32.786763 23.829923
6.600450 4.432585
12.726525 26.704190
28.180796 5.682500
21.059793 34.926676
5.573357 26.922909
7.153612 7.658926
9.783113 20.621454
24.895508 33.385035
35.346568 5.794770
11.791548 30.174903
29.513561 7.840877
10.571839 25.997636
33.148725 29.421831
7.869834 39.043769
10.696402 13.466589
6.933894 22.949095
0.436887 13.735396
33.580370 1.375851
6.784909 19.348596
18.297619 31.321597
8.745402 32.588400
8.027098 18.738904
12.505140 9.254290
14.563072 33.691749
8.215215 27.164377
28.574077 39.123539
30.636859 18.633179
12.459124 31.112264
0.445946 17.523498
25.027099 3.416048
12.314796 17.213263
34.356433 27.510161
12.508561 22.078791
11.766611 17.487238
7.730859 36.402663
1.126942 19.606899
35.779896 35.142511
11.222255 19.152547
14.988582 34.660814
7.727702 38.126014
17.727854 24.152270
2.576259 24.680229
11.160519 12.106174
5.191078 33.413270
31.105996 19.853208
8.566383 27.260826
17.702951 21.062835
14.077843 28.957425
1.990230 16.947376
6.264481 35.251212
32.051818 23.940742
15.435923 31.824596
23.062114 11.159098
14.910398 13.160639
9.845209 32.568299
32.258797 2.740744
0.387534 11.897940
25.257545 1.557898
2.491216 13.059174
10.263893 31.974515
11.284886 12.782557
5.804466 18.300102
7.821544 36.835819
27.251556 36.265933
10.929958 21.665522
6.909213 11.511175
22.054600 10.402693
19.105964 26.181490
21.786488 18.182065
11.700490 13.039234
32.143919 35.924476
1.138656 18.510614
17.343320 31.929445
10.051121 27.477311
35.044948 14.533920
6.585863 1.560300
21.392190 9.057295
10.008969 23.587962
21.354734 36.017360
20.669197 17.529005
8.026797 1.345460
11.269613 27.127103
30.961084 33.596525
8.832024 5.871152
9.599655 14.368878
22.513322 8.126031
30.174363 22.421481
12.065512 6.046451
16.239732 31.568490
13.902044 6.258961
23.597766 14.848234
5.697755 25.661378
9.579820 1.688658
32.825253 3.529990
0.880909 21.801184
32.819273 13.706480
30.238818 3.503596
5.253138 13.001724
31.843066 32.369195
29.940665 3.600290
8.853412 6.091930
29.226130 3.737237
14.972377 35.631070
27.628478 7.270027
20.176074 4.426777
15.022474 23.201917
31.905348 12.273238
31.093413 18.305116
10.865767 33.417408
35.744091 13.748982
15.530248 21.893638
6.579253 37.612933
31.957157 19.443141
12.958790 22.453673
30.013219 33.013845
34.973102 15.087552
13.287163 22.651122
4.501546 23.011498
14.907231 20.543109
13.181075 6.075505
17.835024 31.001280
20.996856 37.447249
27.658241 35.130784
23.415870 25.036359
14.188453 39.333580
26.177808 35.196818
35.811243 17.109786
13.540209 0.045707
10.186143 0.175723
10.473932 8.017728
20.660512 36.612366
26.127172 39.689236
9.620424 1.350618
9.868730 20.308146
12.137233 32.567429
9.314044 26.065357
9.512883 19.351144
34.041734 0.504655
13.588520 0.652297
9.043233 31.687369
26.389435 21.607468
14.410090 4.052395
13.141184 13.256551
32.088144 33.734795
27.706652 2.600391
20.770100 15.147343
11.590463 35.638885
30.833623 32.253499
5.958830 3.547141
11.156594 9.091340
21.035187 2.257266
30.365150 34.385024
22.485074 12.102134
3.373524 23.097046
16.548902 30.244709
23.204980 9.762736
9.348399 6.545682
22.356004 11.795953
15.853301 20.471374
29.521973 36.130626
30.979811 8.202422
1.226066 16.408639
13.129176 38.589501
35.417862 16.345616
13.231641 14.257860
13.370017 31.070389
18.199840 23.491357
30.738706 36.311230
5.402168 1.465307
7.517499 9.939121
23.965041 2.737142
11.031302 22.119488
10.176550 16.042481
32.268529 32.672887
20.493185 18.109819
27.730751 21.848697
9.981876 23.817176
32.607770 13.245757
11.236406 2.509913
7.731480 31.248534
5.917598 19.197280
7.064841 3.243889
8.543276 14.417771
10.221011 30.256340
34.365928 24.449778
8.826762 30.285261
33.109493 38.452494
12.257539 0.038537
33.551778 15.335424
32.329532 8.504472
20.243954 1.048736
34.115231 10.218745
10.967791 34.391057
32.532344 5.024375
23.786500 5.204863
1.186156 15.624374
35.822421 21.880506
8.037983 36.657753
9.859692 25.114598
12.858467 21.712865
11.171282 16.272448
0.067693 21.466349
7.803850 36.487878
29.895289 5.516204
32.144606 16.220681
11.022715 38.072498
12.695005 33.162021
22.874545 28.491035
16.212251 33.247750
14.205615 24.039680
30.334868 10.222075
11.515672 29.117132
10.485861 16.870546
5.807370 39.578216
5.407274 19.900921
35.165208 30.304036
10.108777 29.798596
18.055685 29.701278
35.740815 16.674013
3.735342 15.754569
23.021777 14.446295
29.135005 15.635470
29.172334 34.700320
2.200407 21.371724
19.527373 34.947760
24.415915 4.767314
34.869733 9.550744
16.830013 22.745264
14.342465 1.365435
16.115865 23.294690
8.031588 37.042354
10.288581 34.597959
14.246060 26.931988
8.566279 25.505936
28.588649 34.147434
26.305562 17.972554
21.764527 35.963844
26.025324 9.391754
14.487826 1.536186
22.247738 9.703495
28.084774 8.602906
11.525506 1.671238
35.962778 27.611567
32.642774 12.339047
13.678914 6.228942
5.743179 6.598357
29.176185 6.717854
22.355705 9.873459
31.182620 9.895613
9.403179 22.627773
5.724644 18.388972
29.539065 5.492836
35.230891 4.624959
19.618358 22.612179
22.767650 32.998977
9.471182 32.441292
14.815607 15.843953
14.756349 24.775959
30.266750 35.393718
35.093518 35.488568
16.483152 27.946299
24.624147 13.523373
11.190225 20.434850
8.429684 37.768581
28.861230 5.411168
6.512582 5.671997
26.314965 6.478008
31.902678 17.560048
4.309284 10.531760
7.680493 8.808167
27.480941 20.772203
17.915931 22.382644
20.641647 33.430410
8.312822 7.489494
14.828191 16.398434
28.028479 36.518115
26.341245 5.029449
6.847029 17.557135
33.675092 19.523502
13.466537 12.055812
26.414722 34.255733
20.079710 15.151780
22.297874 3.427880
3.715189 10.178198
26.025051 38.412887
18.991337 33.568079
18.587301 33.594392
13.110103 2.814833
11.245770 27.061039
24.975915 15.949071
11.379052 19.437203
6.478275 35.664451
13.546506 24.773591
13.926482 36.522737
35.587416 6.600196
17.433057 30.514725
28.574204 37.665140
4.411758 15.985455
10.055215 13.521542
0.243334 23.293797
30.562567 39.851199
4.578196 13.794190
4.130308 22.912374
25.870254 33.666403
27.428988 3.166350
8.616914 17.698163
14.845847 12.496582
32.785020 19.808218
10.374630 13.891418
9.306602 32.285509
3.087853 11.897770
22.844951 18.393993
27.638793 17.405881
4.867924 12.256582
24.941527 8.676792
22.775646 2.170213
34.081804 11.528798
18.364260 24.388470
2.891288 18.111750
8.358016 35.982378
3.057074 19.485293
27.895331 3.738861
29.357020 16.763109
3.580848 12.894585
33.628266 13.405622
21.813233 6.481442
20.508500 27.600518
30.185901 4.553982
20.220611 32.498411
24.031829 13.103226
30.351744 16.087623
30.212317 6.827824
29.532963 22.326292
4.723635 17.468634
28.185725 18.114803
11.018406 15.241540
25.195444 18.099717
6.537068 27.585003
6.027958 17.676196
0.573889 13.474479
24.063650 10.004302
34.940671 1.978231
35.507168 10.443426
25.607265 19.417941
27.991516 17.779178
35.094175 7.709868
27.053966 22.559058
25.660930 36.668809
28.305697 17.834340
28.012920 9.343968
6.253365 33.561216
8.120423 37.918621
8.665544 11.746409
24.286191 6.084132
18.517333 32.035347
27.670936 34.114262
8.789033 24.597463
33.029326 14.223766
34.289670 22.684384
20.093692 17.449989
21.196311 35.748528
18.726043 22.299267
30.869352 19.583238
33.981650 9.766277
25.235255 36.468799
1.762483 16.451856
11.262889 6.859191
33.579466 23.816867
35.692759 0.301497
27.115840 39.055385
31.595327 13.063559
5.053683 34.914834
21.857758 38.211613
30.321492 37.834308
27.583822 35.685479
4.015065 20.149914
24.476167 19.857099
9.126503 3.299722
33.234748 10.365405
12.839529 3.487028
12.756357 7.321758
4.437365 14.060466
24.572360 17.204366
0.749643 18.071219
20.964618 0.406047
10.638080 37.348777
22.081534 39.250875
9.150152 0.425198
22.901608 12.771147
13.617316 37.303484
25.682573 36.372881
13.582619 19.793505
33.211065 23.298239
34.766406 23.988217
19.895146 29.068271
0.085939 10.494939
24.783502 12.693486
20.720838 4.779116
8.467495 8.782222
14.097809 7.217797
25.014923 19.910934
11.024392 13.728238
26.904412 4.983518
32.457680 22.442500
0.430589 18.291900
20.940541 37.179689
5.931718 8.323395
28.178341 0.357906
10.289031 17.119410
14.986024 6.337784
29.021469 17.609203
5.242463 39.834305
23.884151 17.517268
25.680447 32.721275
35.095198 21.872294
31.481077 6.281644
29.775471 39.479135
7.653846 28.899079
22.171591 15.859214
6.410147 23.195486
19.138775 23.327449
12.655220 3.329019
14.603810 16.745320
8.020954 21.158982
35.832415 13.365110
25.514260 4.291433
27.030586 5.143648
6.151226 6.388634
25.064850 18.132261
26.208692 17.913781
24.306455 37.255909
24.331043 34.747039
28.522308 4.384663
35.909664 32.683156
6.496134 25.759747
12.344170 2.777067
15.187742 22.501621
26.231662 37.507941
21.947837 14.096887
34.102827 23.635720
23.965953 23.514681
31.201228 5.835031
5.496943 19.733881
22.581852 21.844005
33.695157 4.251244
1.062789 17.440505
7.895951 36.349900
24.555755 34.958531
10.812604 12.582463
11.692119 25.451137
4.141015 23.201798
24.771482 18.874151
20.068185 28.148758
19.729101 28.864535
34.077707 27.944294
4.340169 16.082633
10.982803 39.401347
9.500177 10.428969
8.408460 24.631901
8.409958 26.895123
32.618109 19.549958
24.639906 35.787111
33.438766 3.819764
35.605877 2.501217
14.514779 3.772418
34.255203 3.785880
5.421693 27.691009
33.701710 9.567790
4.769300 20.471239
30.792634 39.283880
20.587588 20.904472
2.539238 13.073817
12.802697 13.470108
8.184511 10.678451
22.666537 13.311292
19.860676 23.553987
9.594061 26.068231
25.255995 9.706312
34.254695 22.137385
22.735151 28.800606
9.985033 22.194169
24.378696 35.334333
35.915510 36.935100
13.194926 27.534074
7.393297 10.811794
21.082636 19.090227
7.854369 18.745387
34.048923 1.315350
15.093130 30.852814
3.821578 23.004065
32.337261 7.596852
30.948091 1.533465
28.309186 17.609081
35.755699 0.524964
13.165098 33.714783
0.989105 21.538978
26.929003 4.738620
26.002716 5.023597
30.823079 3.008880
23.170060 2.440928
19.350324 29.356892
6.468948 37.695791
14.758885 16.949992
21.100253 9.653880
35.516045 36.588101
35.865696 7.322932
8.648229 23.198610
29.719486 39.621953
16.486206 30.183557
31.321223 20.070816
8.793334 39.439158
26.876932 17.846643
20.329648 16.373615
12.188503 1.078123
30.206008 32.466125
34.739829 22.732670
13.440933 20.032714
23.006824 23.510061
22.521336 9.840742
35.740395 29.410253
5.231188 18.421183
20.781564 12.934305
26.223927 1.669029
5.176616 18.957811
22.214143 25.944293
32.312199 11.133654
0.599595 14.051098
31.113020 9.794637
12.309042 0.021659
12.723379 9.018622
21.045037 31.257596
11.891415 11.350722
33.776774 8.757577
9.668001 0.585506
16.733101 24.526365
8.315880 33.095102
24.296127 3.770258
6.829069 25.526784
7.485344 19.378303
6.108941 1.577666
5.230690 19.182174
34.410409 14.887382
24.823202 7.564535
8.134022 17.014359
35.558760 29.047449
14.540275 24.105925
32.247321 13.464406
34.710424 10.674350
4.020717 21.837648
26.830995 2.956777
6.328916 36.401816
20.517594 38.443888
21.994020 12.702105
24.606329 13.448686
8.012263 30.012557
10.542610 12.412253
7.325561 27.955449
16.780603 27.822629
5.817315 37.733861
14.705182 9.319118
22.329511 35.543151
13.119593 4.521790
24.315772 20.148703
3.876176 14.970576
13.941786 31.813846
5.163818 8.934688
13.698459 17.252800
7.560506 36.647238
23.760320 0.031267
34.733939 13.833637
16.133602 26.712595
4.842871 21.754314
28.304145 34.547874
31.147303 13.489740
33.809444 7.501744
10.003846 27.001943
20.912624 12.726948
12.603525 13.437966
35.047796 34.772766
8.576183 5.647704
25.820563 35.934479
8.992761 38.537349
27.922466 39.876080
30.241963 10.079950
23.510212 31.523361
13.140072 35.800971
31.545480 4.080141
20.118961 14.095412
11.110225 20.757080
35.244319 19.629344
26.879856 2.614049
30.986793 3.005323
8.259618 39.964815
24.371382 11.987403
22.021112 9.729508
19.621595 23.158489
30.019298 7.988066
31.925948 4.787072
23.122175 35.908599
8.421025 7.656211
4.840745 24.339957
26.178290 19.035477
27.174113 21.139133
28.204916 22.237863
35.533034 39.070460
31.876941 19.249255
34.469380 13.660593
3.199700 17.783311
35.830867 22.851687
25.606274 19.926577
10.186626 6.609916
31.133733 12.915027
35.172308 19.291579
24.404233 1.153644
10.438544 8.611827
5.009874 37.003969
5.139885 25.625699
13.938975 1.998581
26.387242 6.806076
10.864087 11.919795
14.094762 31.098661
31.809327 9.804947
17.688712 21.767300
24.431245 39.159590
19.907989 33.334583
23.079608 5.227082
32.786800 37.072509
23.691037 36.489550
26.413130 19.208574
12.202501 3.571262
34.699501 25.659579
21.531817 22.871856
22.791426 3.789793
4.494729 17.598185
31.567289 6.040104
10.753075 11.244607
16.424438 25.672132
30.315480 20.527770
9.723986 29.970360
30.364214 3.809599
1.734983 16.541293
8.045355 39.331850
17.267862 31.656076
27.908289 5.743819
20.090293 14.967172
13.501294 36.430008
27.173364 15.908891
31.217279 5.226716
22.751218 1.520967
5.098835 29.889617
33.354471 10.869862
11.002810 33.390333
12.760732 16.944894
35.647167 36.931272
17.250621 23.180993
2.118036 13.830451
4.447042 24.702381
34.119344 27.778665
31.369741 5.059748
25.512289 6.315094
35.756302 22.202820
23.971040 4.615554
15.722678 34.223037
7.357254 33.411446
7.453473 35.675363
22.250364 25.805439
15.796189 30.859454
10.575086 14.527015
21.823977 12.865603
8.644407 15.022428
8.404874 26.123385
14.420042 26.391883
8.760339 27.559963
33.853360 34.131991
21.553105 38.912195
24.934265 15.777254
25.630923 20.529780
20.751289 29.849945
6.715760 24.093986
6.214547 4.598705
12.044947 22.693533
24.443310 33.631514
11.362399 32.480522
34.148775 14.213517
31.943482 7.041464
22.863619 9.898670
26.126568 16.220168
27.671451 17.262250
33.531726 13.431053
1.271276 18.782536
19.322572 24.713681
17.926810 25.994009
13.782029 22.742590
31.972609 34.957009
35.968242 10.823251
24.083688 32.351583
20.836481 5.391512
11.778183 27.661265
14.953006 3.690403
24.127556 2.505396
34.024265 33.520462
20.530253 39.112872
28.428918 21.488348
12.220127 3.194629
23.367831 21.719367
28.365160 8.795269
26.199951 0.909328
19.179964 34.947901
32.240129 17.413405
15.313565 28.992757
