0.498549
0.205055
0.464289
0.279117
0.364842
0.116295
0.126440
0.167555
0.363903
0.232376
0.343174
0.244537
0.195455
0.221373
0.472655
0.360296
0.364644
0.409555
0.172792
0.237801
0.443708
0.285566
0.423025
0.203950
0.493245
0.475426
0.295720
0.236808
0.321692
0.222955
0.176442
0.384512
0.452946
0.220720
0.393680
0.225347
0.400344
0.322106
0.220434
0.432577
0.296971
0.386167
0.444293
0.320221
0.311451
0.416354
0.287995
0.479283
0.254049
0.444191
0.116462
0.159955
0.302556
0.455218
0.221550
0.199003
0.490683
0.187609
0.358370
0.112248
0.234396
0.133656
0.225867
0.178519
0.164182
0.469509
0.187834
0.111773
0.211414
0.113164
0.308705
0.269982
0.356096
0.102451
0.204365
0.390906
0.493363
0.219997
0.295061
0.281788
0.324635
0.495596
0.347561
0.138664
0.395565
0.398466
0.312808
0.388395
0.130276
0.245546
0.452650
0.451809
0.276862
0.448443
0.401793
0.292935
0.219566
0.273869
0.394801
0.211074
0.193017
0.126064
0.254367
0.255634
0.150958
0.112068
0.110638
0.146131
0.461840
0.305181
0.488719
0.227464
0.348862
0.369880
0.235569
0.255138
0.374346
0.114626
0.381590
0.450044
0.256814
0.220709
0.225101
0.194881
0.214725
0.244110
0.112344
0.241875
0.482647
0.424233
0.472906
0.202559
0.111477
0.395755
0.148973
0.174512
0.466795
0.295774
0.344679
0.227715
0.468240
0.374038
0.152293
0.498620
0.291545
0.185788
0.132934
0.195353
0.170110
0.357836
0.135626
0.115019
0.486834
0.299133
0.309545
0.222022
0.333546
0.245878
0.437539
0.169808
0.122114
0.234601
0.435462
0.414714
0.202206
0.213675
0.447442
0.160043
0.234518
0.108597
0.383402
0.236366
0.344216
0.180700
0.381961
0.470616
0.486380
0.224788
0.340608
0.224390
0.280968
0.106337
0.169786
0.296777
0.466757
0.304650
0.358224
0.106732
0.128960
0.152579
0.330698
0.311202
0.360653
0.287493
0.353236
0.167030
0.232977
0.436068
0.348594
0.256065
0.430009
0.267554
0.459975
0.218008
0.295652
0.281253
0.142528
0.234726
0.196089
0.411711
0.469161
0.167480
0.352188
0.103866
0.251898
0.277946
0.364187
0.262199
0.496533
0.273671
0.115394
0.334468
0.117597
0.198154
0.134936
0.352463
0.174463
0.108431
0.223891
0.161184
0.268848
0.475036
0.357062
0.210068
0.451077
0.298160
0.448376
0.388215
0.117115
0.200375
0.114164
0.483669
0.441586
0.395866
0.261594
0.243021
0.324827
0.424821
0.440158
0.479933
0.341401
0.406794
0.369681
0.300095
0.456788
0.322326
0.262292
0.142369
0.389325
0.182902
0.207039
0.310453
0.184386
0.483977
0.427614
0.487558
0.137454
0.182308
0.201051
0.451776
0.346638
0.106479
0.305052
0.349453
0.283287
0.297159
0.442495
0.179008
0.110332
0.448912
0.260087
0.201661
0.289380
0.466508
0.124026
0.230736
0.319317
0.245993
0.199077
0.428353
0.235855
0.329309
0.488935
0.472668
0.339439
0.102609
0.451565
0.184398
0.421879
0.241788
0.388081
0.414219
0.262366
0.209716
0.457303
0.488569
0.335514
0.431409
0.338373
0.395450
0.332463
0.161841
0.413669
0.427668
0.251280
0.470361
0.108357
0.202703
0.149389
0.480920
0.156645
0.169932
0.384243
0.278527
0.405211
0.307558
0.448669
0.117170
0.217158
0.436127
0.261423
0.471093
0.199298
0.391401
0.491068
0.486791
0.103858
0.360856
0.436190
0.438731
0.263689
0.104405
0.449829
0.120319
0.263424
0.387903
0.199223
0.390034
0.458965
0.293327
0.203134
0.466804
0.473119
0.151479
0.398135
0.127227
0.127845
0.225687
0.327646
0.336868
0.228542
0.208925
0.118490
0.152829
0.119908
0.103727
0.280044
0.152546
0.292438
0.274485
0.403709
0.446488
0.166704
0.169460
0.151073
0.343444
0.275455
0.438099
0.493902
0.368847
0.164702
0.265714
0.341803
0.102960
0.193869
0.399497
0.168071
0.291666
0.435793
0.378308
0.399415
0.298729
0.109632
0.328860
0.266922
0.271442
0.372532
0.130635
0.477048
0.143576
0.251681
0.424827
0.339895
0.470520
0.452653
0.473174
0.317913
0.463013
0.195081
0.470304
0.179640
0.342780
0.415466
0.295573
0.438175
0.108027
0.474507
0.176572
0.314135
0.448043
0.380814
0.367442
0.208609
0.202677
0.483681
0.138214
0.435458
0.234887
0.200268
0.376079
0.157205
0.255106
0.450362
0.128596
0.174876
0.198771
0.312305
0.461953
0.435905
0.390167
0.329271
0.356632
0.424148
0.220821
0.393779
0.381072
0.216475
0.400032
0.109921
0.283705
0.101209
0.272179
0.265948
0.116294
0.483731
0.276998
0.148189
0.150277
0.440564
0.307770
0.354951
0.230391
0.376319
0.363331
0.318718
0.120664
0.396571
0.494473
0.400612
0.321644
0.239110
0.336198
0.350981
0.129721
0.300282
0.476684
0.257596
0.295798
0.437118
0.314752
0.103577
0.297750
0.327783
0.443214
0.284776
0.279544
0.447563
0.443528
0.445495
0.374301
0.433734
0.372157
0.188455
0.392282
0.259169
0.166857
0.461372
0.349036
0.199839
0.469070
0.282971
0.114680
0.207288
0.438273
0.318072
0.359951
0.235862
0.472211
0.431311
0.339026
0.319710
0.460619
0.330489
0.475070
0.326490
0.313605
0.204464
0.339891
0.125616
0.470184
0.158251
0.412419
0.437628
0.286534
0.345977
0.345915
0.483463
0.193334
0.466472
0.151870
0.262499
0.259684
0.469457
0.159886
0.417573
0.166748
0.420546
0.232493
0.120834
0.246675
0.129607
0.124641
0.460651
0.247542
0.235632
0.253948
0.143766
0.235066
0.478096
0.222014
0.132599
0.442824
0.461586
0.343384
0.320043
0.488082
0.327976
0.123685
0.342862
0.182240
0.212512
0.267602
0.126326
0.367176
0.319868
0.149837
0.371064
0.374213
0.114275
0.163835
0.226304
0.499993
0.438884
0.164757
0.448507
0.349603
0.284769
0.209848
0.270514
0.470876
0.363228
0.316835
0.228983
0.265572
0.186279
0.307612
0.400861
0.389689
0.185253
0.215832
0.348395
0.174036
0.368839
0.140175
0.441186
0.478828
0.319154
0.280786
0.158907
0.276562
0.353704
0.466722
0.195633
0.370828
0.457157
0.212977
0.150637
0.470660
0.211309
0.301578
0.310917
0.122312
0.179043
0.196863
0.111599
0.271507
0.160527
0.134655
0.146240
0.189795
0.300657
0.392133
0.120149
0.485041
0.116868
0.365689
0.290420
0.341511
0.493028
0.408317
0.272822
0.174552
0.197209
0.317500
0.461003
0.426560
0.403778
0.359968
0.283823
0.292105
0.251102
0.228991
0.211785
0.369013
0.353114
0.417069
0.123418
0.430730
0.341789
0.108751
0.339520
0.366379
0.198040
0.457066
0.436765
0.275510
0.442828
0.124955
0.305949
0.143588
0.191381
0.423486
0.117343
0.328709
0.308889
0.450958
0.288828
0.192592
0.169773
0.244974
0.384362
0.109587
0.357628
0.471708
0.417396
0.299268
0.467916
0.371778
0.170372
0.139478
0.461017
0.184000
0.370428
0.140169
0.136340
0.461747
0.193486
0.101316
0.223538
0.131314
0.418454
0.395867
0.131857
0.328079
0.453295
0.376365
0.479884
0.246767
0.247326
0.278236
0.432624
0.351754
0.419107
0.231543
0.263786
0.176564
0.383602
0.413884
0.206480
0.490224
0.111935
0.234257
0.307624
0.409706
0.354277
0.158959
0.367010
0.469775
0.416193
0.215207
0.492729
0.195835
0.136054
0.276328
0.445949
0.270057
0.498862
0.454193
0.330999
0.176465
0.305695
0.182737
0.468040
0.330534
0.215735
0.110221
0.214075
0.141544
0.188363
0.100881
0.115920
0.431288
0.143763
0.324530
0.477722
0.443530
0.175234
0.490224
0.483345
0.372190
0.320868
0.435406
0.149862
0.445960
0.337146
0.464530
0.322045
0.135153
0.493276
0.191434
0.252441
0.283025
0.431903
0.309774
0.470739
0.199072
0.109728
0.122824
0.448154
0.195134
0.167721
0.308129
0.226326
0.180217
0.499090
0.415991
0.128812
0.324435
0.313749
0.206489
0.373326
0.294134
0.257806
0.102629
0.214550
0.474062
0.295885
0.360130
0.470152
0.119763
0.100100
0.412334
0.133762
0.139709
0.397022
0.493368
0.117583
0.297995
0.317241
0.271664
0.441510
0.365120
0.433268
0.271743
0.391343
0.217707
0.188095
0.442409
0.209278
0.419018
0.402434
0.193010
0.101261
0.258442
0.321184
0.156035
0.373576
0.476312
0.446781
0.108307
0.300457
0.282850
0.202211
0.310656
0.293530
0.103911
0.265078
0.113187
0.201136
0.480162
0.477358
0.119136
0.481633
0.455059
0.333540
0.234971
0.480156
0.464564
0.126433
0.316140
0.481389
0.424466
0.158438
0.302846
0.275832
0.298770
0.374065
0.295083
0.279827
0.397061
0.217766
0.493251
0.463976
0.450344
0.328223
0.202358
0.405800
0.143801
0.329985
0.493940
0.351121
0.169512
0.336069
0.311134
0.373635
0.168725
0.233756
0.116955
0.389586
0.253143
0.494581
0.269372
0.270692
0.272452
0.397243
0.126877
0.273069
0.267560
0.374125
0.121102
0.219894
0.322348
0.346975
0.452697
0.486789
0.245008
0.486182
0.367322
0.401805
0.314215
0.207901
0.222500
0.364825
0.323806
0.422751
0.413180
0.330958
0.236558
0.395573
0.472574
0.204947
0.425294
0.443985
0.460874
0.298786
0.496388
0.236976
0.362131
0.238592
0.390152
0.259465
0.379490
0.334228
0.384262
0.364926
0.392021
0.468647
0.176342
0.342361
0.225384
0.195108
0.219811
0.347119
0.260476
0.206202
0.154944
0.118247
0.351926
0.324556
0.179332
0.308696
0.257829
0.485088
0.364381
0.195447
0.253157
0.377947
0.361433
0.269550
0.242693
0.407595
0.165455
0.172573
0.452157
0.404906
0.401714
0.112451
0.327821
0.227772
0.349070
0.112540
0.443204
0.427193
0.209404
0.308341
0.104764
0.113349
0.400168
0.383297
0.428504
0.395360
0.305759
0.474366
0.443081
0.455512
0.377104
0.115696
0.258921
0.278672
0.264579
0.275947
0.318522
0.108145
0.322050
0.193012
0.125086
0.446774
0.280830
0.252243
0.257144
0.327700
0.313014
0.276899
0.428936
0.219027
0.408594
0.255502
0.141507
0.480507
0.447101
0.234279
0.188810
0.138001
0.205848
0.308284
0.329269
0.163386
0.127092
0.301522
0.300589
0.116054
0.357041
0.162108
0.373405
0.182836
0.171888
0.375625
0.168737
0.418364
0.495065
0.494200
0.474237
0.350829
0.343593
0.210188
0.172892
0.426513
0.466742
0.174696
0.146479
0.443830
0.237404
0.129840
0.255475
0.400232
0.348866
0.450945
0.130455
0.340557
0.105149
0.379115
0.231628
0.440237
0.124991
0.474286
0.125709
0.441137
0.163262
0.309474
0.295756
0.298049
0.287736
0.105818
0.185670
0.140350
0.140231
0.182576
0.421100
0.187612
0.425985
0.121726
0.127938
0.380605
0.413190
0.311317
0.442312
0.147368
0.434944
0.329206
0.411863
0.330162
0.257031
0.482325
0.148970
0.200363
0.201411
0.410226
0.172579
0.492361
0.115784
0.388547
0.214822
0.265839
0.348247
0.325538
0.133404
0.235798
0.273652
0.122604
0.319056
0.259659
0.121501
0.478715
0.120090
0.477510
0.205955
0.116622
0.130207
0.253581
0.376210
0.241880
0.346742
0.322370
0.422852
0.390763
0.125767
0.444333
0.386703
0.210805
0.308497
0.291440
0.495871
0.423136
0.234164
0.111469
0.256075
0.420978
0.118047
0.176249
0.250072
0.362282
0.268521
0.234455
0.424151
0.303886
0.170403
0.418981
0.155209
0.482454
0.337792
0.115352
0.401649
0.166913
0.462843
0.351768
0.279995
0.485982
0.303180
0.386351
0.218597
0.293914
0.111389
0.174597
0.323566
0.418189
0.304154
0.435929
0.403519
0.157788
0.123812
0.125985
0.231222
0.499757
0.147214
0.419759
0.157049
0.182513
0.403183
0.386267
0.442704
0.138411
0.440791
0.309116
0.191177
0.389769
0.132027
0.303233
0.314270
0.492828
0.232534
0.128196
0.365197
0.251268
0.304701
0.404458
0.246010
0.259975
0.193426
0.227356
0.168069
0.459607
0.261445
0.196754
0.450330
0.112650
0.123491
0.321128
0.454016
0.181096
0.490928
0.155940
0.225949
0.245530
0.239487
0.455472
0.484076
0.107824
0.126146
0.290162
0.497297
0.292425
0.406060
0.464586
0.107415
0.152000
0.343788
0.321737
0.347918
0.391507
0.319494
0.340624
0.241983
0.316044
0.182672
0.405608
0.358862
0.311762
0.146235
0.269261
0.337770
0.182179
0.160572
0.377937
0.408838
0.362516
0.427118
0.340885
0.498444
0.195722
0.251044
0.282883
0.195366
0.164945
0.418215
0.383489
0.410971
0.317255
0.209445
0.376208
0.192514
0.279419
0.165370
0.223662
0.380687
0.499185
0.188575
0.435296
0.113559
0.425063
0.310545
0.178865
0.209792
0.418331
0.245515
0.247161
0.460517
0.280459
0.395599
0.139798
0.394700
0.434602
0.496944
0.434520
0.282879
0.359227
0.294927
0.384002
0.270708
0.245941
0.244391
0.460706
0.240586
0.214439
0.192062
0.177026
0.380057
0.483805
0.439001
0.212107
0.411305
0.251737
0.302787
0.379706
0.221349
0.424520
0.495325
0.125528
0.370353
0.215453
0.416307
0.116353
0.452135
0.498356
0.315474
0.134872
0.153319
0.222483
0.152356
0.207446
0.471679
0.336889
0.294134
0.416583
0.224700
0.487153
0.366486
0.379465
0.399651
0.292619
0.174917
0.106712
0.415231
0.337654
0.361817
0.117497
0.462718
0.174593
0.477422
0.260015
0.416266
0.345665
0.155024
0.143674
0.249311
0.479780
0.401762
0.409224
0.262124
0.415174
0.151320
0.206560
0.452193
0.285747
0.344306
0.171006
0.199322
0.322667
0.348943
0.450949
0.273002
0.336064
0.142854
0.263918
0.258576
0.442999
0.334391
0.433688
0.416555
0.167869
0.144008
0.295755
0.189127
0.184112
0.194051
0.445891
0.170428
0.330735
0.210051
0.184135
0.346579
0.175165
0.116792
0.172205
0.269464
0.313297
0.265092
0.329250
0.491367
0.383991
0.426206
0.461019
0.259665
0.476252
0.367045
0.214384
0.273711
0.105890
0.345743
0.170710
0.207138
0.300966
0.372802
0.254292
0.490974
0.328414
0.463698
0.386540
0.339249
0.210881
0.166630
0.409064
0.420343
0.138023
0.181463
0.485353
0.292626
0.213342
0.460496
0.259285
0.442895
0.102974
0.337079
0.228664
0.329443
0.487027
0.306453
0.413941
0.235504
0.305826
0.470934
0.229819
0.331263
0.347693
0.473433
0.401589
0.345201
0.469246
0.107456
0.201565
0.210178
0.496266
0.299437
0.231482
0.107125
0.394952
0.461554
0.302644
0.468102
0.256377
0.226044
0.412357
0.320805
0.421852
0.196561
0.264616
0.416726
0.293575
0.442593
0.490795
0.154972
0.404756
0.147094
0.326213
0.391916
0.182144
0.132488
0.186411
0.330804
0.361622
0.357592
0.392818
0.427534
0.369612
0.129295
0.220286
0.334129
0.386399
0.306240
0.383158
0.356759
0.490829
0.157054
0.265328
0.177938
0.330307
0.288498
0.251501
0.379883
0.275872
0.187870
0.151325
0.349523
0.138052
0.205560
0.240255
0.485452
0.239315
0.487319
0.278818
0.400934
0.186414
0.396990
0.321262
0.311237
0.497200
0.247496
0.221545
0.496211
0.464919
0.135484
0.103566
0.184641
0.414587
0.344929
0.356130
0.498877
0.250575
0.165566
0.212738
0.226824
0.383305
0.378054
0.452408
0.152305
0.449439
0.246209
0.394239
0.381309
0.411198
0.462257
0.130280
0.292868
0.171150
0.401489
0.493023
0.351082
0.147016
0.284553
0.292827
0.454615
0.190163
0.223125
0.153035
0.251305
0.227971
0.101681
0.371823
0.491050
0.427941
0.372021
0.413338
0.301888
0.406727
0.205847
0.440125
0.118004
0.336091
0.435929
0.377902
0.322177
0.285828
0.284575
0.245649
0.297701
0.392426
0.118850
0.471785
0.218601
0.279961
0.142397
0.246819
0.151268
0.198977
0.476731
0.160163
0.314420
0.129937
0.450490
0.274234
0.106930
0.170711
0.138433
0.143635
0.228483
0.290312
0.263465
0.116886
0.281643
0.397173
0.305515
0.177611
0.466008
0.205512
0.472055
0.256413
0.484216
0.112186
0.337038
0.225746
0.415466
0.462157
0.298228
0.144878
0.349337
0.209778
0.181584
0.374069
0.420965
0.435405
0.293537
0.339421
0.323206
0.465240
0.201615
0.235621
0.266304
0.246071
0.459711
0.129242
0.381730
0.311359
0.297673
0.224213
0.327052
0.373283
0.362229
0.466224
0.485787
0.455304
0.215650
0.147907
0.207197
0.277554
0.326209
0.195506
0.476847
0.407000
0.227008
0.300886
0.103825
0.323793
0.179659
0.468763
0.450310
0.292153
0.360087
0.299539
0.405365
0.237487
0.160567
0.396956
0.229984
0.494316
0.337417
0.100418
0.494328
0.444674
0.207703
0.137773
0.493538
0.104429
0.251438
0.169850
0.273522
0.185270
0.108944
0.281092
0.379322
0.201055
0.336617
0.254228
0.436192
0.303152
0.396687
0.379117
0.116882
0.451358
0.192960
0.442703
0.188496
0.393208
0.136914
0.438079
0.431123
0.476084
0.236194
0.476658
0.312904
0.259334
0.343940
0.378032
0.265913
0.285733
0.367819
0.436017
0.101150
0.153333
0.406187
0.337971
0.347041
0.160339
0.129211
0.208198
0.496816
0.259370
0.316702
0.460740
0.160935
0.258047
0.126486
0.224320
0.205911
0.240705
0.391113
0.494257
0.201742
0.259189
0.350135
0.496436
0.298563
0.437051
0.175094
0.244028
0.358612
0.479187
0.197989
0.259092
0.336024
0.313192
0.186990
0.338621
0.325624
0.362100
0.488624
0.404771
0.235410
0.357960
0.142854
0.421053
0.298566
0.366105
0.314895
0.323354
0.470927
0.338408
0.203511
0.118155
0.383661
0.178068
0.312795
0.262629
0.311066
0.302200
0.135647
0.450493
0.145095
0.459704
0.282087
0.409198
0.228896
0.496530
0.259992
0.260167
0.243044
0.349565
0.429483
0.175365
0.200434
0.427772
0.325537
0.251631
0.411058
0.188161
0.206331
0.143587
0.108888
0.123729
0.430912
0.228196
0.180208
0.265911
0.388986
0.449885
0.306096
0.436654
0.476811
0.225049
0.371624
0.430522
0.273621
0.258346
0.216899
0.464558
0.143068
0.138740
0.390074
0.451283
0.398352
0.403693
0.392198
0.297533
0.137235
0.364031
0.308596
0.211503
0.419802
0.326666
0.432246
0.388017
0.480579
0.300571
0.146222
0.115369
0.147663
0.368223
0.475100
0.211757
0.179752
0.244520
0.201695
0.204084
0.147874
0.423244
0.365889
0.124531
0.405155
0.446585
0.303582
0.122606
0.267139
0.454211
0.255838
0.152397
0.460446
0.376326
0.131470
0.494242
0.235128
0.319223
0.119616
0.369629
0.353856
0.233609
0.354849
0.448333
0.449539
0.223401
0.319164
0.402912
0.129547
0.250899
0.128207
0.365859
0.106219
0.173391
0.195307
0.341726
0.389110
0.389047
0.297636
0.378541
0.222900
0.390143
0.295999
0.221929
0.374737
0.213676
0.139463
0.327872
0.408935
0.218699
0.419931
0.413082
0.403852
0.255237
0.281063
0.369463
0.360550
0.361823
0.430079
0.336102
0.440891
0.460660
0.213565
0.267212
0.205242
0.141020
0.120419
0.320509
0.284231
0.289735
0.461434
0.166647
0.388536
0.363865
0.423403
0.114160
0.347307
0.311044
0.298899
0.380750
0.180162
0.151966
0.424682
0.263332
0.145307
0.358682
0.268665
0.291273
0.325908
0.465628
0.261035
0.290418
0.155458
0.451858
0.107380
0.253291
0.114365
0.438984
0.473543
0.288733
0.497612
0.134540
0.246761
0.398723
0.120067
0.456290
0.111468
0.290995
0.413287
0.461687
0.460136
0.301814
0.335269
0.310058
0.310502
0.180975
0.469055
0.405217
0.476876
0.300449
0.119635
0.494632
0.251410
0.488423
0.269904
0.237356
0.239043
0.303096
0.314437
0.426508
0.446293
0.440877
0.301687
0.240030
0.244860
0.109724
0.359987
0.367043
0.261156
0.387560
0.496156
0.148763
0.431162
0.437850
0.259051
0.215924
0.239437
0.329479
0.446016
0.301210
0.357852
0.452594
0.198817
0.174415
0.415004
0.353015
0.164902
0.103965
0.360399
0.499484
0.392938
0.369154
0.405422
0.102170
0.149474
0.218162
0.446917
0.121267
0.211007
0.170384
0.331594
0.184556
0.100249
0.352655
0.309553
0.423404
0.357656
0.452229
0.462926
0.252351
0.418266
0.276753
0.184830
0.223174
0.126562
0.155670
0.112439
0.131193
0.364730
0.316076
0.285020
0.302790
0.238935
0.310659
0.423055
0.126275
0.493204
0.107165
0.471649
0.499949
0.447211
0.178707
0.498078
0.351534
0.267765
0.166920
0.276897
0.475991
0.476276
0.152600
0.213132
0.173363
0.473712
0.457493
0.122961
0.462805
0.390952
0.230239
0.407894
0.263575
0.272247
0.297714
0.120880
0.428530
0.156491
0.117246
0.248419
0.177656
0.495967
0.390911
0.226824
0.137456
0.165584
0.258473
0.367921
0.106183
0.402466
0.241494
0.150514
0.231464
0.438485
0.237685
0.101502
0.289054
0.355573
0.418020
0.229399
0.466534
0.159631
0.282046
0.360985
0.460766
0.259839
0.492970
0.111500
0.292027
0.214251
0.283044
0.128395
0.311823
0.278502
0.329290
0.299770
0.305178
0.300665
0.156983
0.491486
0.397097
0.224496
0.148757
0.303196
0.342829
0.266784
0.376949
0.322846
0.364470
0.159438
0.104087
0.298334
0.315084
0.174334
0.124649
0.274841
0.236494
0.187853
0.456378
0.357021
0.366525
0.497033
0.432442
0.281325
0.414195
0.388624
0.469712
0.363313
0.363600
0.245175
0.325083
0.477732
0.145662
0.390908
0.105914
0.146694
0.159230
0.188151
0.431176
0.309711
0.241121
0.358843
0.237330
0.335211
0.307488
0.165013
0.247345
0.119584
0.420333
0.369632
0.172036
0.481744
0.467895
0.124680
0.357391
0.400797
0.213746
0.391281
0.314139
0.114524
0.177941
0.252425
0.282243
0.227271
0.386278
0.490588
0.398548
0.178057
0.203477
0.394306
0.384980
0.297239
0.381074
0.137093
0.274998
0.373003
0.136549
0.318330
0.385770
0.124150
0.467499
0.113708
0.363717
0.207673
0.467073
0.494860
0.356694
0.468209
0.354161
0.157190
0.435690
0.120574
0.316461
0.299437
0.315178
0.265394
0.282578
0.447144
0.231174
0.392550
0.347488
0.398922
0.422663
0.328631
0.239211
0.258250
0.314732
0.102351
0.412573
0.333184
0.106298
0.189834
0.232954
0.419647
0.347184
0.212490
0.449832
0.411212
0.216750
0.113032
0.316308
0.306798
0.446592
0.167597
0.332196
0.382988
0.138993
0.135008
0.449502
0.164629
0.311419
0.399076
0.416702
0.239652
0.259567
0.397895
0.164141
0.141154
0.423852
0.318302
0.479486
0.263601
0.196670
0.403138
0.323549
0.350273
0.461693
0.424180
0.161478
0.364343
0.103626
0.383262
0.157458
0.408001
0.483808
0.184369
0.390933
0.190299
0.393521
0.326298
0.194541
0.226580
0.160422
0.123608
0.454505
0.133289
0.473668
0.250776
0.465235
0.445915
0.482648
0.233415
0.455805
0.101431
0.312860
0.106142
0.233590
0.259808
0.484091
0.156171
0.108939
0.222403
0.152563
0.450288
0.130059
0.376830
0.119125
0.429579
0.143372
0.291110
0.346761
0.209333
0.418668
0.307123
0.499083
0.462434
0.328551
0.222981
0.216312
0.385844
0.219776
0.167621
0.263239
0.336524
0.254403
0.258803
0.448522
0.176758
0.145562
0.176662
0.172393
0.434939
0.150581
0.177068
0.354552
0.323174
0.388236
0.385046
0.231306
0.181312
0.170911
0.375279
0.121981
0.243671
0.198955
0.158691
0.250665
0.371198
0.342138
0.485174
0.415737
0.347585
0.218935
0.148506
0.371638
0.236164
0.357056
0.301913
0.185407
0.324183
0.384038
0.190727
0.331106
0.389040
0.478013
0.433532
0.421947
0.232307
0.467385
0.138941
0.189646
0.241053
0.163759
0.350553
0.229526
0.492116
0.132103
0.228978
0.439824
0.337951
0.296865
0.411637
0.361459
0.469066
0.203770
0.382140
0.230235
0.237744
0.483776
0.190597
0.112397
0.235914
0.420217
0.356354
0.452589
0.140414
0.393152
0.412008
0.490415
0.107866
0.445799
0.438913
0.411840
0.372803
0.157941
0.447411
0.175775
0.431467
0.212329
0.415674
0.177453
0.135175
0.141291
0.456706
0.112762
0.431099
0.486128
0.218825
0.333076
0.239453
0.331012
0.465119
0.143132
0.105339
0.284773
0.101300
0.407872
0.239475
0.453275
0.357946
0.143475
0.205057
0.101784
0.470687
0.339826
0.200491
0.331916
0.316033
0.138714
0.238736
0.356929
0.239226
0.165483
0.232218
0.167904
0.440805
0.477192
0.463414
0.276472
0.442032
0.140370
0.430075
0.116649
0.258141
0.477250
0.231300
0.489111
0.285882
0.251456
0.314155
0.168703
0.212149
0.315109
0.351042
0.273873
0.320884
0.322826
0.420393
0.394148
0.197875
0.152592
0.366035
0.101446
0.353518
0.419447
0.203458
0.102230
0.355909
0.212311
0.143500
0.367194
0.122285
0.363711
0.127459
0.344931
0.262342
0.405791
0.455884
0.195958
0.330772
0.348209
0.309121
0.311163
0.276706
0.357295
0.153585
0.115206
0.144824
0.421722
0.411032
0.176099
0.471012
0.455643
0.470106
0.387041
0.227266
0.164688
0.117565
0.243307
0.240047
0.496959
0.412862
0.433326
0.423971
0.436958
0.187840
0.169756
0.422082
0.420568
0.127700
0.350961
0.139985
0.424916
0.401352
0.488990
0.495164
0.162291
0.243363
0.432514
0.264915
0.117014
0.249133
0.309948
0.280628
0.156661
0.211716
0.380844
0.177977
0.156625
0.496124
0.433596
0.469218
0.483166
0.273597
0.244788
0.206954
0.300029
0.333019
0.364163
0.185120
0.263073
0.118406
0.363248
0.209147
0.476144
0.466896
0.153766
0.130463
0.374636
0.486348
0.220932
0.101560
0.349042
0.118363
0.401614
0.314682
0.303459
0.120859
0.119416
0.474883
0.303801
0.164924
0.441323
0.360245
0.491838
0.451893
0.420212
0.251588
0.258625
0.234876
0.343790
0.196129
0.252176
0.115268
0.327648
0.354656
0.309277
0.478143
0.425878
0.424515
0.181470
0.255815
0.214950
0.239876
0.326712
0.498439
0.373277
0.167782
0.127202
0.135789
0.429161
0.316946
0.427407
0.195635
0.295087
0.366523
0.187060
0.441151
0.268761
0.217462
0.460606
0.216722
0.358235
0.317695
0.144306
0.190015
0.358909
0.492888
0.478098
0.107879
0.199958
0.126414
0.375006
0.396599
0.292381
0.422820
0.198860
0.265992
0.204733
0.213078
0.328368
0.362840
0.100943
0.389532
0.248904
0.236674
0.470052
0.354887
0.131488
0.160710
0.134037
0.470719
0.260159
0.203884
0.229286
0.370559
0.383022
0.248233
0.488301
0.333198
0.164616
0.496031
0.419131
0.183737
0.344713
0.452414
0.222341
0.354263
0.317295
0.292158
0.407890
0.189531
0.416259
0.401005
0.186595
0.471699
0.209820
0.349959
0.449535
0.443583
0.251094
0.287619
0.125317
0.108089
0.339095
0.228129
0.404463
0.479651
0.340985
0.447373
0.476970
0.351010
0.124097
0.329767
0.240744
0.247140
0.394940
0.280786
0.218636
0.166371
0.302035
0.479137
0.339332
0.376594
0.434559
0.202772
0.475424
0.198072
0.139498
0.363273
0.422734
0.375679
0.420786
0.352734
0.483173
0.194361
0.143882
0.466105
0.432108
0.362354
0.420485
0.159339
0.194451
0.391088
0.495734
0.158163
0.229442
0.449385
0.444736
0.399497
0.370484
0.119261
0.126016
0.420334
0.290750
0.303000
0.452698
0.203749
0.114537
0.141371
0.141512
0.372207
0.409883
0.131660
0.348238
0.177021
0.338019
0.123923
0.480037
0.312210
0.434415
0.197937
0.447942
0.231847
0.450924
0.379070
0.239102
0.499861
0.398886
0.368953
0.158971
0.360672
0.226844
0.356834
0.119094
0.486933
0.426596
0.340894
0.436713
0.410068
0.268110
0.188508
0.393139
0.441406
0.388532
0.290886
0.160944
0.327366
0.361193
0.164022
0.468211
0.291939
0.474856
0.206310
0.157538
0.339965
0.256454
0.424360
0.260064
0.434326
0.396975
0.438957
0.321980
0.322446
0.433487
0.291307
0.390211
0.390484
0.479776
0.450927
0.454289
0.368161
0.120064
0.142516
0.135481
0.306889
0.461825
0.193452
0.127263
0.185784
0.433165
0.462062
0.497291
0.486977
0.173519
0.100325
0.372947
0.209267
0.227165
0.493218
0.476401
0.136876
0.340943
0.171195
0.309323
0.444358
0.281290
0.418639
0.402756
0.497218
0.131971
0.144512
0.132131
0.106700
0.429638
0.394595
0.202384
0.278654
0.195528
0.337065
0.343840
0.388960
0.499897
0.254993
0.151438
0.144544
0.281869
0.179181
0.146381
0.204240
0.275866
0.346584
0.213154
0.243612
0.228845
0.339891
0.308280
0.483849
0.127920
0.186942
0.376568
0.291535
0.175990
0.285133
0.454101
0.364177
0.243661
0.262648
0.372180
0.242404
0.491069
0.184498
0.365044
0.405517
0.200854
0.350057
0.121627
0.201788
0.441968
0.446060
0.376728
0.465128
0.390815
0.370501
0.391111
0.292191
0.124505
0.301169
0.204044
0.202718
0.156582
0.117753
0.483082
0.428000
0.282060
0.499120
0.445830
0.114235
0.169101
0.390784
0.453731
0.198919
0.404539
0.151981
0.103109
0.366841
0.458576
0.144896
0.264310
0.291578
0.402460
0.142325
0.395846
0.344701
0.206351
0.441218
0.462178
0.160479
0.273628
0.445035
0.456238
0.476730
0.132766
0.379975
0.420391
0.210239
0.446449
0.289200
0.400422
0.448110
0.357944
0.330667
0.147669
0.209804
0.279992
0.424716
0.122080
0.176530
0.293832
0.204245
0.439317
0.316798
0.363398
0.193301
0.448095
0.365138
0.257671
0.467255
0.470882
0.303337
0.313328
0.445796
0.300394
0.338870
0.113370
0.150997
0.153845
0.168037
0.239705
0.136770
0.312846
0.199355
0.114536
0.216378
0.273240
0.462000
0.234177
0.482389
0.301659
0.465562
0.314547
0.450684
0.319397
0.216278
0.139810
0.358756
0.281033
0.274840
0.314427
0.160222
0.407791
0.187409
0.477400
0.166424
0.478300
0.245775
0.132132
0.318661
0.171582
0.195762
0.495019
0.363491
0.403922
0.398069
0.309782
0.189729
0.210044
0.103282
0.208384
0.432508
0.401005
0.343145
0.457794
0.344574
0.495872
0.283732
0.126723
0.430203
0.146308
0.123686
0.372827
0.308513
0.405730
0.174115
0.182897
0.417895
0.403524
0.481529
0.170433
0.280908
0.335966
0.441063
0.304513
0.460993
0.377483
0.138596
0.463461
0.251460
0.379386
0.450160
0.143907
0.205909
0.104581
0.451492
0.179471
0.309501
0.209309
0.190414
0.273495
0.429195
0.391583
0.258307
0.379005
0.260828
0.490184
0.493546
0.293850
0.353012
0.190320
0.375346
0.198196
0.310712
0.349827
0.495085
0.189251
0.289190
0.363447
0.344479
0.264200
0.428488
0.181295
0.325455
0.337677
0.369305
0.359761
0.402838
0.464231
0.351949
0.361513
0.269995
0.231154
0.367156
0.259340
0.489718
0.208048
0.373362
0.321894
0.479033
0.169713
0.404948
0.347391
0.114012
0.132136
0.308677
0.143307
0.137950
0.457214
0.308534
0.230685
0.405602
0.300816
0.122845
0.311812
0.274827
0.358087
0.202963
0.171457
0.493110
0.102313
0.409941
0.154192
0.142087
0.419222
0.173916
0.244378
0.138662
0.140436
0.364101
0.166817
0.121091
0.203263
0.385707
0.480836
0.119069
0.225959
0.423152
0.251304
0.328450
0.423697
0.126644
0.130851
0.461718
0.236281
0.327984
0.107081
0.329141
0.318950
0.138176
0.491573
0.109019
0.403955
0.376302
0.317200
0.113471
0.195575
0.435021
0.389669
0.282276
0.139374
0.484929
0.110041
0.214876
0.217648
0.240881
0.161649
0.328800
0.149986
0.162062
0.471648
0.210394
0.262203
0.182718
0.233083
0.330788
0.392541
0.200590
0.402653
0.152429
0.484549
0.151410
0.119918
0.212283
0.357973
0.152084
0.168370
0.311256
0.138256
0.118699
0.267801
0.334324
0.310891
0.172644
0.200535
0.388038
0.107249
0.327890
0.121730
0.160847
0.334479
0.464600
0.283703
0.318659
0.233771
0.291732
0.483745
0.283685
0.411620
0.462956
0.177277
0.423802
0.214388
0.367795
0.135502
0.407214
0.285708
0.499179
0.373612
0.361863
0.480670
0.460290
0.288513
0.179501
0.388426
0.435339
0.252561
0.274548
0.166478
0.480679
0.340764
0.228595
0.124410
0.499797
0.445367
0.494990
0.429807
0.478769
0.201937
0.463133
0.342118
0.397758
0.342555
0.146084
0.416423
0.460510
0.117152
0.230266
0.302193
0.456715
0.145799
0.348546
0.291790
0.443882
0.172472
0.473467
0.182535
0.314902
0.452743
0.434688
0.255282
0.253902
0.465044
0.330215
0.321196
0.269759
0.423974
0.176130
0.176589
0.431896
0.457306
0.311865
0.105226
0.122963
0.447244
0.169423
0.246621
0.157397
0.442379
0.222548
0.220817
0.128874
0.143274
0.470910
0.231179
0.303867
0.478109
0.478675
0.154473
0.289783
0.206587
0.311171
0.236261
0.166118
0.105765
0.203607
0.268803
0.334802
0.229593
0.360600
0.164191
0.153713
0.379894
0.427692
0.329504
0.499256
0.484907
0.205919
0.317294
0.288022
0.309481
0.291513
0.127882
0.204082
0.302408
0.425675
0.162691
0.312474
0.113730
0.110358
0.347306
0.407595
0.400904
0.109821
0.323199
0.307432
0.304160
0.192927
0.137167
0.221805
0.420286
0.465686
0.292471
0.186996
0.314278
0.406892
0.165809
0.385025
0.339310
0.175454
0.146427
0.254283
0.403600
0.481523
0.206802
0.371430
0.426878
0.244420
0.238274
0.277575
0.487768
0.115560
0.231144
0.349026
0.180620
0.240832
0.320837
0.373693
0.283725
0.145250
0.438820
0.214091
0.407614
0.148492
0.213160
0.317971
0.252749
0.382481
0.195174
0.230681
0.134597
0.494788
0.443864
0.234658
0.184750
0.464162
0.120200
0.148968
0.391181
0.176468
0.240039
0.305537
0.485828
0.337040
0.229951
0.284559
0.238175
0.335202
0.386109
0.296079
0.441394
0.242073
0.359929
0.251014
0.253976
0.188777
0.107831
0.392143
0.489969
0.381752
0.223748
0.145638
0.281334
0.315716
0.119757
0.279577
0.128631
0.276672
0.336321
0.190385
0.329975
0.305216
0.237417
0.375365
0.101123
0.362026
0.292419
0.186370
0.485902
0.205309
0.498507
0.468317
0.362172
0.145000
0.413862
0.472804
0.226194
0.263811
0.440595
0.127584
0.272410
0.172977
0.103805
0.330898
0.218468
0.285293
0.414287
0.227453
0.127740
0.398775
0.218071
0.194085
0.270897
0.404959
0.243793
0.441894
0.424798
0.267182
0.141494
0.470210
0.488824
0.384359
0.203985
0.494251
0.304823
0.406805
0.385152
0.192606
0.159882
0.120973
0.261609
0.482900
0.143186
0.365061
0.439293
0.371283
0.492062
0.343527
0.460697
0.125404
0.102576
0.220250
0.267649
0.436382
0.383691
0.108238
0.435043
0.272920
0.287619
0.403023
0.167436
0.233917
0.395828
0.144661
0.277272
0.268484
0.338393
0.235733
0.264974
0.210193
0.177533
0.224053
0.442139
0.469138
0.266659
0.287027
0.462651
0.312829
0.490464
0.178692
0.341707
0.448222
0.133804
0.187334
0.110965
0.164542
0.286410
0.461132
0.326188
0.418428
0.384596
0.402107
0.179355
0.248984
0.448860
0.271586
0.236665
0.195898
0.349911
0.276725
0.173702
0.163955
0.477934
0.362546
0.256148
0.185179
0.115061
0.388940
0.452303
0.462038
0.316896
0.140534
0.371941
0.286061
0.377939
0.441255
0.389220
0.307296
0.139614
0.391904
0.132476
0.451649
0.297440
0.113183
0.232852
0.273587
0.420555
0.251103
0.188404
0.363508
0.171324
0.305829
0.236139
0.377085
0.147864
0.377441
0.151627
0.143980
0.214287
0.490625
0.247414
0.301817
0.112495
0.189697
0.183234
0.172569
0.122139
0.251196
0.377409
0.441525
0.102580
0.258906
0.117840
0.234731
0.200516
0.147679
0.225232
0.393636
0.333691
0.498265
0.148445
0.199644
0.204689
0.337093
0.126331
0.393948
0.176763
0.412243
0.137159
0.250519
0.278604
0.218747
0.499719
0.246940
0.281485
0.350712
0.474758
0.265975
0.360095
0.147378
0.446191
0.405941
0.380440
0.372099
0.287148
0.210632
0.455705
0.404288
0.433013
0.480244
0.344707
0.167748
0.192300
0.376688
0.105591
0.274226
0.417425
0.431840
0.182341
0.451705
0.168435
0.216808
0.303616
0.457303
0.145410
0.274712
0.488771
0.365644
0.146505
0.363116
0.194421
0.436659
0.136003
0.374368
0.380470
0.416319
0.392022
0.490937
0.130133
0.395572
0.135989
0.224110
0.409092
0.122309
0.151000
0.404253
0.245042
0.200027
0.432622
0.275188
0.119336
0.232835
0.442693
0.308075
0.146045
0.272283
0.310804
0.196279
0.151344
0.128120
0.212369
0.277355
0.171804
0.310254
0.155761
0.311564
0.367090
0.377627
0.385933
0.194962
0.222004
0.291329
0.250022
0.331195
0.177857
0.396299
0.156815
0.464751
0.373347
0.348050
0.299595
0.342280
0.489784
0.301068
0.120597
0.290562
0.208843
0.289286
0.487507
0.137695
0.490180
0.399760
0.339922
0.288213
0.147881
0.121219
0.178744
0.319463
0.340312
0.111169
0.424067
0.227912
0.445251
0.334956
0.166090
0.454270
0.283032
0.279832
0.206251
0.427910
0.404907
0.357314
0.320767
0.185072
0.157442
0.318340
0.112578
0.278933
0.482879
0.148000
0.292008
0.158698
0.175090
0.369733
0.446623
0.153644
0.256597
0.338605
0.207071
0.439785
0.472567
0.479661
0.215720
0.124913
0.392993
0.472591
0.386094
0.359623
0.180084
0.370946
0.494273
0.351653
0.261905
0.473114
0.456101
0.155589
0.454821
0.114334
0.103525
0.435970
0.354477
0.214611
0.303701
0.160812
0.481034
0.306821
0.251463
0.138097
0.344515
0.214866
0.259292
0.125886
0.385299
0.177574
0.409402
0.281709
0.292809
0.104150
0.134457
0.127803
0.482948
0.155915
0.387387
0.252980
0.383731
0.390429
0.368091
0.166033
0.234959
0.426359
0.244162
0.293515
0.143760
0.121991
0.326987
0.323495
0.107587
0.212185
0.297572
0.448734
0.301862
0.490169
0.399706
0.146271
0.409074
0.407720
0.112963
0.384967
0.116798
0.417545
0.452727
0.405854
0.394331
0.158720
0.143861
0.256316
0.102083
0.269526
0.453802
0.480597
0.424650
0.483904
0.296694
0.365135
0.158558
0.397624
0.414017
0.281701
0.315298
0.388384
0.386677
0.186015
0.310599
0.182435
0.212587
0.370105
0.149592
0.404805
0.464883
0.498341
0.259573
0.440420
0.270186
0.135272
0.414522
0.440813
0.374189
0.277547
0.441373
0.402690
0.297607
0.399152
0.470827
0.480704
0.279865
0.265561
0.310228
0.169464
0.388169
0.247644
0.313755
0.285357
0.163344
0.253340
0.157527
0.474235
0.131065
0.399049
0.359978
0.318132
0.490068
0.105309
0.172667
0.245948
0.318369
0.115963
0.294554
0.412814
0.372404
0.185914
0.442629
0.228572
0.174359
0.197382
0.188056
0.106024
0.293803
0.329595
0.298524
0.240131
0.456926
0.167584
0.273073
0.338347
0.281813
0.215987
0.275521
0.254179
0.383163
0.311033
0.456770
0.158960
0.457232
0.394925
0.253379
0.296121
0.252873
0.308419
0.132540
0.408428
0.242146
0.213342
0.391667
0.243785
0.308612
0.140816
0.297410
0.362617
0.207418
0.136515
0.268197
0.207653
0.233165
0.293720
0.141262
0.428252
0.427484
0.263023
0.208289
0.224178
0.167872
0.143826
0.128498
0.463746
0.178320
0.237851
0.190971
0.355859
0.349999
0.327839
0.230781
0.495592
0.439055
0.150009
0.334275
0.239806
0.267409
0.401574
0.316342
0.228603
0.124236
0.309980
0.462010
0.434283
0.496228
0.299167
0.477937
0.121342
0.160314
0.446981
0.165807
0.359412
0.406613
0.245549
0.144023
0.229488
0.172488
0.433415
0.337480
0.433032
0.260309
0.104622
0.274850
0.360886
0.395766
0.361564
0.139641
0.452998
0.284165
0.187212
0.143381
0.142906
0.463240
0.427434
0.291487
0.153404
0.168945
0.367288
0.193067
0.395538
0.250700
0.292483
0.271563
0.111411
0.321187
0.284649
0.273265
0.312695
0.441848
0.293923
0.334553
0.244956
0.377948
0.119748
0.416241
0.152561
0.131654
0.323234
0.384755
0.351637
0.479554
0.231682
0.130961
0.142550
0.243219
0.417542
0.327110
0.107009
0.395119
0.431006
0.121247
0.367411
0.311198
0.412217
0.350655
0.392274
0.404271
0.306068
0.201518
0.236488
0.447116
0.413373
0.216150
0.255229
0.387155
0.154340
0.453933
0.345780
0.454719
0.137678
0.432910
0.111378
0.324234
0.134944
0.294483
0.138032
0.161026
0.301499
0.426621
0.293481
0.325209
0.279112
0.259050
0.476888
0.424059
0.296677
0.371984
0.445338
0.160690
0.421222
0.355012
0.191019
0.474515
0.293613
0.112372
0.239900
0.366586
0.451783
0.445134
0.319737
0.398675
0.357172
0.211639
0.429103
0.197949
0.343839
0.456423
0.142305
0.349543
0.490783
0.111243
0.487270
0.273639
0.328300
0.312239
0.178834
0.325331
0.272342
0.455907
0.176641
0.200365
0.410822
0.138528
0.163510
0.373581
0.146822
0.156240
0.238535
0.184673
0.183413
0.123855
0.351402
0.295456
0.420793
0.188054
0.414323
0.252248
0.289637
0.121809
0.403922
0.401916
0.267420
0.190845
0.270621
0.401873
0.448577
0.160675
0.143379
0.499733
0.287226
0.385688
0.365814
0.142950
0.191135
0.342123
0.141842
0.238945
0.360406
0.487848
0.295986
0.446690
0.473910
0.161769
0.112576
0.278969
0.125498
0.265099
0.200827
0.496624
0.414367
0.464645
0.362615
0.436752
0.484291
0.200857
0.158035
0.365878
0.211680
0.386239
0.200766
0.333945
0.256991
0.464793
0.383610
0.361637
0.491472
0.218780
0.241113
0.419491
0.227475
0.420109
0.115029
0.105246
0.230154
0.346130
0.276906
0.303156
0.306482
0.192036
0.363735
0.365198
0.137877
0.412091
0.339068
0.460283
0.314701
0.426199
0.141021
0.184493
0.126594
0.114990
0.405040
0.397338
0.124890
0.380991
0.373271
0.163160
0.493546
0.132172
0.198540
0.390445
0.268621
0.293865
0.425185
0.483436
0.431622
0.349469
0.116568
0.274594
0.233728
0.141159
0.318903
0.428909
0.143895
0.311454
0.347918
0.232750
0.488151
0.206446
0.451641
0.423489
0.142029
0.168363
0.482250
0.495536
0.218286
0.496100
0.153703
0.174063
0.132316
0.451269
0.137437
0.184725
0.240591
0.474894
0.120813
0.188211
0.150632
0.371637
0.110062
0.129582
0.340769
0.461177
0.143270
0.117098
0.481095
0.102708
0.309101
0.229924
0.415192
0.125669
0.362305
0.172853
0.118765
0.106105
0.264562
0.143855
0.329113
0.231489
0.349359
0.350315
0.308587
0.413003
0.492678
0.216917
0.450952
0.132641
0.425967
0.493482
0.291495
0.148202
0.266733
0.244374
0.227535
0.131433
0.129130
0.111317
0.375190
0.148361
0.260772
0.266704
0.296006
0.342602
0.385014
0.451142
0.121231
0.301778
0.278634
0.274549
0.186943
0.181785
0.321969
0.157595
0.435430
0.135680
0.252469
0.440611
0.354683
0.486554
0.257481
0.453027
0.182019
0.372317
0.202424
0.232540
0.292292
0.168603
0.339748
0.225697
0.354950
0.322924
0.448436
0.437166
0.344771
0.319763
0.449621
0.403141
0.386134
0.161930
0.407837
0.273567
0.410239
0.408395
0.458405
0.462914
0.307529
0.298423
0.380805
0.295407
0.148646
0.177431
0.355209
0.345022
0.395813
0.291563
0.282155
0.421492
0.151540
0.446251
0.101116
0.308581
0.137611
0.261684
0.216031
0.379896
0.481327
0.439809
0.105698
0.183484
0.493359
0.280412
0.104806
0.122400
0.103843
0.325850
0.247559
0.165533
0.438974
0.266549
0.161330
0.436498
0.326169
0.437962
0.355950
0.138326
0.354611
0.324560
0.276682
0.432668
0.183372
0.227061
0.447243
0.128450
0.423592
0.108342
0.225655
0.496093
0.406353
0.474643
0.464650
0.278018
0.160124
0.325517
0.421617
0.355922
0.324325
0.279722
0.239609
0.358067
0.351667
0.381510
0.384156
0.254479
0.248403
0.381015
0.415551
0.483444
0.357525
0.146650
0.324169
0.180289
0.178059
0.490132
0.186664
0.398560
0.265412
0.116896
0.121612
0.246129
0.496461
0.239741
0.282992
0.427901
0.200708
0.159611
0.361591
0.442851
0.418998
0.200084
0.475400
0.494462
0.354672
0.133305
0.152706
0.482573
0.384114
0.286205
0.164885
0.239328
0.348627
0.323338
0.253316
0.327111
0.162282
0.126533
0.470957
0.231605
0.431252
0.381654
0.200992
0.122877
0.201099
0.272897
0.368923
0.109526
0.481792
0.323506
0.125383
0.446813
0.446896
0.203458
0.303181
0.467659
0.358303
0.376780
0.193905
0.312542
0.201923
0.217099
0.303261
0.262978
0.148831
0.213960
0.271512
0.456044
0.450836
0.103395
0.335991
0.142855
0.489216
0.238050
0.247118
0.115504
0.303022
0.297315
0.281243
0.198743
0.425395
0.270349
0.463399
0.448398
0.146659
0.168740
0.345159
0.366302
0.406777
0.465890
0.106291
0.333043
0.290927
0.446527
0.425923
0.274470
0.495221
0.242709
0.333898
0.199126
0.426755
0.121294
0.369232
0.361950
0.147578
0.204732
0.406279
0.269198
0.243026
0.453140
0.494262
0.260592
0.455086
0.358455
0.241384
0.469360
0.342117
0.239064
0.162775
0.118205
0.100633
0.298450
0.255903
0.333654
0.495229
0.182370
0.362433
0.202546
0.286705
0.479701
0.226756
0.156228
0.443511
0.125177
0.194714
0.494630
0.269297
0.219349
0.148774
0.350178
0.305687
0.320980
0.193397
0.426504
0.480183
0.248534
0.471075
0.388830
0.392977
0.289766
0.493119
0.169874
0.256469
0.370784
0.306830
0.115131
0.467432
0.496719
0.196385
0.262148
0.476775
0.342058
0.282272
0.404608
0.148011
0.473876
0.318863
0.169376
0.182519
0.308664
0.172442
0.228373
0.316989
0.394872
0.330667
0.232467
0.185248
0.483340
0.398582
0.334311
0.386271
0.196182
0.446127
0.484357
0.303985
0.287313
0.160032
0.151981
0.261845
0.363442
0.321617
0.101397
0.424592
0.271811
0.209230
0.120192
0.496763
0.114994
0.245638
0.417013
0.277277
0.272446
0.394137
0.388794
0.203067
0.449911
0.482760
0.163690
0.430505
0.309643
0.390135
0.215813
0.353096
0.309132
0.272156
0.378868
0.319825
0.298358
0.266604
0.476527
0.111876
0.224930
0.368480
0.346699
0.144330
0.387587
0.117436
0.382317
0.476479
0.473626
0.479891
0.375678
0.363845
0.358931
0.222633
0.146907
0.200041
0.381266
0.201267
0.281334
0.327688
0.155894
0.177691
0.205259
0.164680
0.233497
0.404757
0.469154
0.234189
0.449790
0.443502
0.239848
0.352699
0.371713
0.343523
0.437444
0.297642
0.497840
0.353104
0.294912
0.259585
0.404941
0.134886
0.451666
0.197488
0.395731
0.468616
0.396640
0.356139
0.299054
0.195865
0.151372
0.491700
0.396463
0.373568
0.165435
0.372111
0.267217
0.445038
0.498286
0.329731
0.412199
0.408271
0.285077
0.194880
0.421713
0.140098
0.110830
0.251924
0.209024
0.198246
0.140231
0.269827
0.436492
0.465798
0.204336
0.393609
0.136523
0.449731
0.230664
0.455116
0.431021
0.181482
0.206631
0.480597
0.427092
0.113766
0.224619
0.189287
0.101773
0.327306
0.370828
0.358713
0.291875
0.454063
0.383604
0.461239
0.471349
0.189902
0.370251
0.327344
0.210557
0.437532
0.106974
0.132607
0.305479
0.132500
0.432340
0.312108
0.453328
0.278035
0.200410
0.191857
0.124334
0.461230
0.253020
0.426055
0.499826
0.303838
0.342953
0.266876
0.253216
0.222228
0.162032
0.328698
0.353434
0.132326
0.376668
0.143477
0.244412
0.178195
0.413261
0.478410
0.220602
0.468839
0.280513
0.470988
0.268275
0.399876
0.374508
0.275372
0.422800
0.291161
0.439133
0.136615
0.479791
0.164845
0.113115
0.389568
0.166609
0.183461
0.450168
0.320298
0.494292
0.396681
0.155426
0.237709
0.281349
0.130095
0.347293
0.337098
0.217965
0.421834
0.487476
0.469333
0.300342
0.427001
0.401667
0.417878
0.201288
0.320444
0.358539
0.185842
0.111940
0.197129
0.307506
0.109601
0.109068
0.105472
0.136358
0.183617
0.410146
0.374908
0.104891
0.349563
0.187741
0.187884
0.155411
0.241077
0.344353
0.202735
0.428541
0.225645
0.211931
0.296189
0.324246
0.187827
0.337128
0.462754
0.492931
0.409492
0.169800
0.274757
0.339377
0.391913
0.200514
0.192105
0.255722
0.233956
0.445804
0.284132
0.292427
0.238643
0.337068
0.354927
0.353195
0.119329
0.420972
0.455086
0.264312
0.234309
0.128691
0.226366
0.198283
0.290209
0.231287
0.275913
0.126903
0.393201
0.443039
0.243104
0.124128
0.498595
0.435777
0.132951
0.185449
0.428651
0.101829
0.457373
0.245505
0.432852
0.419651
0.470827
0.378500
0.277645
0.251461
0.315541
0.140109
0.473668
0.497903
0.294542
0.364423
0.175496
0.421221
0.479052
0.382257
0.416155
0.271543
0.438086
0.462561
0.256354
0.311428
0.493784
0.171808
0.295660
0.239287
0.150582
0.213857
0.287620
0.192933
0.185710
0.413827
0.417234
0.217272
0.370602
0.391249
0.475124
0.318813
0.182305
0.170445
0.100243
0.101762
0.294156
0.331721
0.127086
0.313096
0.372232
0.453620
0.144090
0.429654
0.358218
0.210358
0.270368
0.492503
0.241221
0.250594
0.383938
0.312470
0.283304
0.341781
0.448055
0.405968
0.291355
0.436022
0.167964
0.497706
0.200654
0.128461
0.417120
0.249165
0.430968
0.128155
0.315923
0.283192
0.392399
0.425433
0.270702
0.154642
0.264782
0.114273
0.185873
0.482363
0.378550
0.250620
0.196413
0.451310
0.238094
0.426317
0.152617
0.407490
0.308617
0.247469
0.166655
0.284362
0.328907
0.407585
0.402469
0.442311
0.473757
0.465568
0.326316
0.215242
0.386729
0.301544
0.447683
0.370533
0.481645
0.469954
0.282560
0.458849
0.206731
0.353162
0.279435
0.125335
0.241738
0.162254
0.288196
0.396233
0.278019
0.268677
0.390496
0.187911
0.419607
0.317019
0.353468
0.394827
0.210117
0.314528
0.135193
0.162084
0.286121
0.363098
0.356375
0.331100
0.179870
0.154813
0.431794
0.145229
0.114094
0.218657
0.245297
0.364716
0.431095
0.154866
0.422068
0.387911
0.118684
0.253161
0.121280
0.481105
0.208026
0.322597
0.176447
0.289630
0.470100
0.373140
0.407695
0.431042
0.154182
0.258353
0.147097
0.495742
0.388523
0.478674
0.310612
0.110618
0.257399
0.434132
0.103768
0.217282
0.179395
0.136851
0.219622
0.466958
0.492072
0.304504
0.475161
0.242989
0.239169
0.199173
0.243235
0.206527
0.279467
0.299014
0.318346
0.372835
0.202671
0.263195
0.248517
0.234734
0.451353
0.489481
0.498421
0.162433
0.316339
0.353438
0.355761
0.212384
0.114299
0.200511
0.350918
0.161662
0.257125
0.434611
0.470617
0.383028
0.387216
0.298880
0.329905
0.407684
0.281360
0.152692
0.395824
0.167975
0.245129
0.246704
0.410539
0.389839
0.267843
0.382549
0.113701
0.171195
0.324642
0.273098
0.189365
0.114485
0.207373
0.441127
0.204948
0.201139
0.326260
0.253190
0.439577
0.140423
0.235127
0.399992
0.117836
0.287416
0.227158
0.346364
0.120313
0.423348
0.240822
0.331310
0.156527
0.187919
0.394040
0.296699
0.365173
0.291697
0.126126
0.114581
0.499154
0.193033
0.104730
0.180979
0.217351
0.349308
0.393766
0.409962
0.125103
0.444007
0.461720
0.404614
0.146745
0.400971
0.234502
0.217093
0.184227
0.388732
0.287698
0.315263
0.319874
0.117615
0.362161
0.157392
0.205493
0.397041
0.410484
0.461457
0.474799
0.245637
0.157642
0.368224
0.373220
0.179150
0.353172
0.369839
0.215989
0.314079
0.448937
0.444778
0.112600
0.297047
0.306886
0.203602
0.255174
0.178158
0.310484
0.221757
0.330825
0.471748
0.427326
0.368332
0.200966
0.391047
0.132146
0.252191
0.106774
0.251494
0.111308
0.487046
0.446472
0.496216
0.490811
0.134762
0.484886
0.411027
0.244607
0.145843
0.403924
0.353660
0.184996
0.357104
0.208433
0.196178
0.384996
0.409913
0.144300
0.212154
0.109036
0.213208
0.138565
0.257726
0.481989
0.400161
0.225763
0.479319
0.217530
0.390340
0.423425
0.178860
0.278284
0.441051
0.220581
0.122438
0.241875
0.127892
0.267337
0.229948
0.442574
0.386984
0.419581
0.219577
0.434566
0.356872
0.344865
0.353435
0.483154
0.183686
0.257496
0.280573
0.263735
0.348617
0.192069
0.407476
0.212217
0.304155
0.346132
0.203099
0.383839
0.497654
0.144565
0.426334
0.450589
0.353114
0.229711
0.150705
0.310674
0.233252
0.278881
0.439536
0.207668
0.275475
0.146126
0.336696
0.228441
0.416814
0.309854
0.349076
0.439618
0.379204
0.351700
0.158469
0.163240
0.298516
0.408993
0.138350
0.237756
0.443644
0.164739
0.493439
0.204456
0.369599
0.433833
0.335884
0.482268
0.161784
0.261544
0.258888
0.115243
0.311226
0.299572
0.261040
0.467726
0.469243
0.462690
0.445748
0.457591
0.429258
0.161542
0.124435
0.138397
0.380457
0.154157
0.366866
0.448404
0.336352
0.268069
0.345369
0.392389
0.250548
0.295209
0.160801
0.262600
0.313327
0.426666
0.152009
0.356098
0.196487
0.385954
0.240451
0.376005
0.442231
0.452984
0.402445
0.400218
0.204925
0.312859
0.329446
0.129039
0.361694
0.470738
0.277219
0.302155
0.182917
0.321774
0.401725
0.396793
0.369351
0.222789
0.262432
0.262354
0.285022
0.200301
0.136678
0.169928
0.394328
0.461789
0.262962
0.259449
0.432556
0.498258
0.404793
0.466121
0.220402
0.352556
0.366774
0.129418
0.483174
0.157624
0.441018
0.128575
0.310241
0.358705
0.228626
0.395247
0.188096
0.414874
0.424777
0.465323
0.273859
0.315379
0.106841
0.182902
0.165700
0.404273
0.461226
0.438251
0.180722
0.163206
0.276006
0.412235
0.440286
0.174834
0.342981
0.354742
0.245452
0.475126
0.371254
0.191116
0.240359
0.376848
0.195946
0.352947
0.231247
0.135905
0.378080
0.354559
0.430816
0.294544
0.170120
0.150935
0.358913
0.344718
0.251001
0.264088
0.330177
0.234656
0.359863
0.330876
0.427027
0.297011
0.318678
0.197701
0.482762
0.139192
0.359859
0.447562
0.211605
0.474244
0.306727
0.136052
0.169190
0.198204
0.168026
0.449223
0.423904
0.124030
0.214950
0.219871
0.456115
0.146777
0.489819
0.453020
0.400942
0.491000
0.458182
0.370864
0.254037
0.343165
0.137728
0.237253
0.485197
0.376384
0.159099
0.124177
0.137317
0.202223
0.406673
0.395888
0.209160
0.400484
0.342210
0.243181
0.337140
0.441336
0.131766
0.213985
0.465139
0.253249
0.471399
0.176307
0.423178
0.127433
0.411943
0.183400
0.257016
0.453313
0.309260
0.341041
0.334535
0.317911
0.251024
0.273080
0.486664
0.155816
0.256560
0.395538
0.307570
0.479665
0.481180
0.345233
0.246236
0.163320
0.425320
0.314684
0.232444
0.192672
0.208760
0.461747
0.336410
0.362580
0.497945
0.374671
0.374471
0.475968
0.159402
0.301192
0.292261
0.132687
0.161640
0.450176
0.113792
0.333753
0.140576
0.166328
0.493163
0.462123
0.481037
0.399634
0.233506
0.445658
0.481227
0.479466
0.491092
0.390913
0.483441
0.475102
0.381846
0.172056
0.202399
0.239086
0.409885
0.215449
0.215234
0.231455
0.143994
0.441646
0.335707
0.391848
0.419924
0.311951
0.308981
0.309078
0.253807
0.137482
0.295218
0.340962
0.340797
0.456147
0.127676
0.292881
0.446511
0.128549
0.407916
0.405824
0.148564
0.228236
0.307420
0.203386
0.181915
0.442436
0.150324
0.371474
0.299040
0.179890
0.374688
0.349736
0.250208
0.349708
0.109941
0.126299
0.397868
0.426730
0.404832
0.447080
0.182808
0.220810
0.266727
0.329197
0.460708
0.161256
0.261442
0.268543
0.197602
0.270024
0.409713
0.411234
0.455902
0.159986
0.269210
0.242821
0.232185
0.253670
0.393858
0.102595
0.112471
0.325817
0.260234
0.261548
0.286923
0.149868
0.403947
0.121348
0.418690
0.344005
0.453480
0.114725
0.159216
0.452949
0.264101
0.362140
0.263903
0.239390
0.424261
0.490528
0.137006
0.475692
0.164565
0.110228
0.483028
0.338626
0.424541
0.390444
0.460828
0.498362
0.444668
0.257183
0.338142
0.407442
0.412724
0.444719
0.426647
0.328321
0.145304
0.211122
0.382896
0.302014
0.179804
0.192819
0.357441
0.148287
0.446874
0.244270
0.441860
0.300082
0.204472
0.279261
0.214985
0.420443
0.445181
0.238565
0.336729
0.149844
0.249582
0.311290
0.494012
0.142406
0.375521
0.177372
0.149370
0.172604
0.388746
0.325500
0.134410
0.439347
0.296578
0.189113
0.156968
0.125614
0.101538
0.372592
0.257476
0.378404
0.178122
0.225450
0.110111
0.262586
0.191729
0.293704
0.427953
0.269545
0.306180
0.183015
0.210400
0.303818
0.227516
0.477492
0.486069
0.167849
0.108345
0.242644
0.248394
0.350570
0.241805
0.374053
0.459686
0.188097
0.458757
0.109526
0.143548
0.399710
0.304082
0.206095
0.295249
0.353066
0.454074
0.300794
0.195545
0.304900
0.405459
0.206438
0.206272
0.377587
0.390406
0.261885
0.256317
0.306311
0.258734
0.460867
0.196571
0.300571
0.477185
0.281392
0.423198
0.499334
0.351775
0.171418
0.227114
0.420872
0.148970
0.454168
0.354015
0.459110
0.484973
0.368680
0.159156
0.416085
0.379087
0.315555
0.112037
0.372442
0.225604
0.251561
0.259414
0.342213
0.472669
0.178722
0.345996
0.319476
0.450724
0.182558
0.209485
0.392935
0.257773
0.340192
0.200574
0.214742
0.184399
0.258647
0.259020
0.345982
0.282837
0.268035
0.382057
0.380933
0.417213
0.249969
0.458240
0.324675
0.487508
0.250649
0.467999
0.384458
0.237574
0.288436
0.468127
0.448252
0.365605
0.158202
0.383572
0.350222
0.126826
0.444637
0.129792
0.233721
0.253066
0.342779
0.242409
0.172252
0.493473
0.467106
0.427879
0.186083
0.435649
0.300572
0.442431
0.486953
0.277554
0.410037
0.353886
0.319201
0.162284
0.119558
0.270687
0.143787
0.178367
0.256595
0.265769
0.349002
0.107230
0.112196
0.334190
0.437620
0.100931
0.268956
0.319724
0.124939
0.384373
0.434384
0.435524
0.138951
0.326584
0.246984
0.426196
0.419959
0.319621
0.244722
0.229690
0.388658
0.499881
0.146390
0.476867
0.114942
0.351067
0.263318
0.321067
0.307082
0.470201
0.110136
0.156109
0.272496
0.325276
0.240797
0.274878
0.174229
0.332571
0.199385
0.261555
0.295582
0.208573
0.329993
0.106450
0.185736
0.299903
0.286427
0.100415
0.257796
0.436538
0.307861
0.343776
0.140974
0.384950
0.492443
0.270311
0.474875
0.222159
0.291849
0.476857
0.450316
0.366870
0.108853
0.253295
0.153006
0.155276
0.432465
0.480848
0.297920
0.337546
0.175790
0.113938
0.389176
0.319865
0.336151
0.477713
0.119200
0.198470
0.247148
0.190943
0.320891
0.309145
0.309664
0.230496
0.115135
0.362421
0.247227
0.163982
0.213283
0.128539
0.141787
0.113595
0.328458
0.347219
0.448952
0.219704
0.280187
0.250585
0.247346
0.143056
0.353464
0.163232
0.261330
0.170696
0.261950
0.307752
0.109396
0.143845
0.369600
0.407236
0.381043
0.224776
0.127357
0.446882
0.424674
0.212145
0.417322
0.354369
0.123105
0.463353
0.106564
0.245393
0.395895
0.168096
0.479247
0.354961
0.310055
0.219581
0.369877
0.227453
0.430344
0.176298
0.432115
0.250278
0.177516
0.412744
0.469454
0.211367
0.497716
0.116225
0.456797
0.266910
0.247658
0.283921
0.280899
0.110465
0.393006
0.351751
0.407112
0.330747
0.256558
0.282160
0.430337
0.276224
0.144695
0.434398
0.118313
0.449948
0.170702
0.380127
0.209191
0.241779
0.330858
0.303904
0.444509
0.205572
0.293436
0.441325
0.165262
0.303191
0.220469
0.462493
0.338604
0.497929
0.191997
0.437839
0.117515
0.368955
0.226631
0.371864
0.482978
0.196561
0.232604
0.390526
0.176711
0.401658
0.191920
0.439196
0.382013
0.457214
0.378967
0.424327
0.190449
0.284484
0.493971
0.106189
0.354348
0.114805
0.232821
0.246440
0.374668
0.428597
0.234435
0.378402
0.159211
0.240863
0.312970
0.406834
0.299587
0.223304
0.383540
0.143337
0.407471
0.367721
0.179830
0.294153
0.356190
0.177906
0.295371
0.149268
0.383634
0.142750
0.207235
0.442338
0.208357
0.382096
0.442450
0.273781
0.293032
0.439731
0.367289
0.255949
0.112190
0.145194
0.202615
0.463559
0.361443
0.294431
0.290598
0.483135
0.131152
0.214969
0.154339
0.148812
0.286429
0.472180
0.157405
0.392078
0.155086
0.110214
0.140651
0.355673
0.273752
0.395207
0.395759
0.202764
0.389213
0.283021
0.172578
0.175817
0.390313
0.250934
0.454314
0.442635
0.142240
0.469240
0.249630
0.149020
0.331662
0.333538
0.142722
0.315282
0.114449
0.463191
0.370684
0.276526
0.394882
0.495864
0.105000
0.378333
0.359881
0.147154
0.342846
0.193274
0.286016
0.347438
0.344583
0.119734
0.184094
0.356619
0.475478
0.406166
0.335581
0.354120
0.472668
0.191429
0.271404
0.156054
0.488073
0.218590
0.497516
0.291431
0.231552
0.363038
0.231536
0.127681
0.231300
0.317219
0.273909
0.220881
0.147372
0.237827
0.462017
0.265658
0.105907
0.367119
0.330661
0.108553
0.255403
0.164827
0.181547
0.437801
0.114844
0.138760
0.391126
0.232237
0.234089
0.317841
0.143150
0.321739
0.226294
0.300186
0.418319
0.167396
0.218646
0.490485
0.262936
0.320629
0.156608
0.250376
0.329767
0.410418
0.499084
0.385063
0.243739
0.281561
0.105028
0.183173
0.447895
0.365334
0.479332
0.356989
0.113457
0.339085
0.235678
0.302782
0.384748
0.301974
0.446248
0.408600
0.349446
0.172930
0.268225
0.333926
0.386335
0.163784
0.275492
0.231999
0.275829
0.239734
0.182931
0.404581
0.224835
0.372465
0.164371
0.188467
0.284286
0.191515
0.269458
0.331175
0.493969
0.199414
0.247266
0.484623
0.229548
0.317546
0.185670
0.255166
0.119252
0.251471
0.216797
0.281137
0.419049
0.402144
0.131179
0.335211
0.318237
0.434330
0.232261
0.381592
0.135451
0.305264
0.295723
0.125917
0.357086
0.172413
0.222850
0.456482
0.125803
0.144042
0.273717
0.174899
0.280436
0.299668
0.349074
0.348131
0.102672
0.230534
0.244695
0.391649
0.284571
0.410461
0.146208
0.442026
0.311623
0.177457
0.499686
0.407780
0.266546
0.115247
0.254574
0.249298
0.148226
0.458309
0.347006
0.414009
0.401140
0.205331
0.364472
0.234539
0.411579
0.343118
0.275195
0.207960
0.383114
0.105973
0.429413
0.337996
0.170879
0.348748
0.348291
0.481767
0.460081
0.321667
0.447489
0.166885
0.188130
0.424596
0.232715
0.370251
0.329656
0.357914
0.211891
0.216834
0.149100
0.259250
0.385651
0.433737
0.172416
0.413837
0.403706
0.203267
0.263321
0.269693
0.480465
0.477929
0.132762
0.152318
0.486011
0.302768
0.313041
0.470057
0.381801
0.457441
0.499132
0.207148
0.366681
0.274399
0.205529
0.138215
0.388330
0.482237
0.133521
0.129730
0.437799
0.232407
0.364863
0.281236
0.271917
0.358086
0.298406
0.191264
0.342754
0.104856
0.336388
0.157553
0.421596
0.263581
0.189674
0.186006
0.307529
0.129830
0.419224
0.385888
0.326951
0.430482
0.139880
0.113812
0.267726
0.131040
0.305985
0.257965
0.442727
0.361948
0.466281
0.429571
0.454835
0.486160
0.487794
0.161138
0.388304
0.392705
0.190806
0.305629
0.186939
0.482135
0.122352
0.178861
0.110200
0.288826
0.482468
0.306544
0.340158
0.282770
0.202676
0.195294
0.242007
0.322848
0.125893
0.341125
0.471627
0.203403
0.314734
0.289314
0.141668
0.162213
0.234751
0.166010
0.183842
0.110397
0.192915
0.185950
0.132406
0.487960
0.387973
0.495037
0.359673
0.301109
0.144350
0.495726
0.485883
0.457064
0.316548
0.425392
0.137332
0.151750
0.229008
0.212413
0.233248
0.179629
0.309724
0.428508
0.152677
0.198838
0.393989
0.483569
0.123882
0.450237
0.445544
0.341198
0.339251
0.367536
0.132745
0.285580
0.242309
0.323271
0.497293
0.441885
0.262843
0.195366
0.382865
0.166204
0.169851
0.138641
0.217645
0.423529
0.197277
0.217378
0.192292
0.321945
0.492148
0.337744
0.180212
0.161508
0.115712
0.211604
0.141351
0.174736
0.171100
0.432316
0.354153
0.192562
0.490096
0.265901
0.395011
0.416402
0.406415
0.189472
0.337417
0.410048
0.198059
0.165019
0.141673
0.434252
0.387161
0.347221
0.155196
0.160737
0.106397
0.356428
0.185277
0.455409
0.298878
0.112169
0.384568
0.178387
0.417508
0.320841
0.447826
0.469199
0.351161
0.250192
0.210980
0.287015
0.456708
0.244167
0.372718
0.295823
0.427436
0.171685
0.231153
0.257744
0.422888
0.225017
0.488578
0.477266
0.445903
0.208394
0.300895
0.354301
0.258173
0.372028
0.481618
0.145544
0.434398
0.320220
0.171768
0.110969
0.391716
0.123383
0.273229
0.431130
0.267492
0.432500
0.350889
0.494067
0.482205
0.250037
0.249958
0.164662
0.307481
0.398239
0.141341
0.389972
0.426706
0.149611
0.131690
0.302322
0.202016
0.277250
0.245566
0.373838
0.435829
0.249889
0.329623
0.235596
0.221027
0.419868
0.183764
0.299487
0.331424
0.219117
0.420521
0.347558
0.155522
0.316962
0.236940
0.213288
0.352421
0.288247
0.410921
0.414561
0.223635
0.183617
0.151622
0.414201
0.142972
0.290855
0.366417
0.222255
0.187904
0.357596
0.313162
0.298476
0.251628
0.213878
0.164561
0.146338
0.107333
0.394773
0.487852
0.179289
0.362587
0.345327
0.463828
0.473707
0.182677
0.124369
0.372574
0.438861
0.164631
0.423805
0.173375
0.314458
0.487076
0.116734
0.397137
0.292742
0.377990
0.126125
0.167836
0.111877
0.267774
0.368693
0.432496
0.284599
0.366832
0.325491
0.474700
0.344768
0.479964
0.396383
0.115589
0.103170
0.270332
0.281017
0.424096
0.393147
0.117728
0.450348
0.364280
0.305888
0.467882
0.441487
0.423825
0.397387
0.309842
0.433614
0.113032
0.228409
0.409928
0.141593
0.296990
0.331158
0.385050
0.285481
0.137608
0.440615
0.435053
0.438272
0.309556
0.211568
0.447238
0.417510
0.337854
0.320806
0.487004
0.328733
0.175564
0.485352
0.485336
0.410638
0.146676
0.226591
0.364969
0.116936
0.361327
0.499054
0.475791
0.303784
0.211528
0.453388
0.245127
0.488403
0.437258
0.371067
0.134621
0.427444
0.467684
0.416330
0.464554
0.200857
0.218406
0.405307
0.209245
0.444866
0.100832
0.145993
0.286779
0.190007
0.212318
0.472951
0.144864
0.432345
0.273601
0.323143
0.422565
0.251386
0.171736
0.302092
0.269839
0.325664
0.218119
0.434657
0.200271
0.119779
0.420236
0.293201
0.315102
0.212362
0.162475
0.286878
0.285677
0.147703
0.214492
0.224752
0.283709
0.278201
0.474332
0.146833
0.113719
0.219841
0.404912
0.110188
0.453120
0.165450
0.458468
0.223587
0.215505
0.457783
0.269905
0.245392
0.329964
0.135558
0.272278
0.363763
0.322674
0.148311
0.496468
0.453897
0.446271
0.363972
0.255623
0.270360
0.167663
0.156350
0.329673
0.224513
0.261248
0.110978
0.220417
0.336136
0.207524
0.182652
0.317142
0.130275
0.141461
0.353228
0.451050
0.409631
0.352428
0.225267
0.432943
0.293074
0.353989
0.256657
0.194066
0.436867
0.237492
0.160089
0.211065
0.296852
0.235315
0.481416
0.455307
0.253025
0.493302
0.458934
0.191098
0.145090
0.251282
0.299774
0.382467
0.487168
0.444278
0.142108
0.467153
0.477269
0.475904
0.302249
0.398290
0.483573
0.145902
0.294963
0.292972
0.150594
0.316752
0.297432
0.368272
0.152924
0.286547
0.332248
0.148961
0.185106
0.293369
0.499269
0.411249
0.191228
0.459238
0.337844
0.353080
0.335503
0.103016
0.121409
0.215454
0.252207
0.272989
0.413786
0.329951
0.432568
0.395220
0.109596
0.219898
0.358566
0.266277
0.354516
0.375830
0.120848
0.105104
0.132768
0.330075
0.240469
0.154332
0.225324
0.466072
0.135712
0.360097
0.422424
0.171212
0.412869
0.452414
0.437707
0.206296
0.270259
0.352121
0.192051
0.124590
0.100379
0.243145
0.170131
0.235667
0.180109
0.334278
0.413193
0.149437
0.148594
0.222600
0.448874
0.489418
0.339887
0.388841
0.118087
0.179086
0.128009
0.459345
0.482885
0.186937
0.378673
0.485828
0.156123
0.306965
0.467161
0.109470
0.317134
0.345058
0.128634
0.166005
0.398188
0.312939
0.373742
0.356203
0.487350
0.499163
0.139875
0.111237
0.142948
0.292089
0.284501
0.194899
0.247562
0.112148
0.497431
0.203033
0.158687
0.321889
0.325021
0.234272
0.463438
0.486645
0.316311
0.173774
0.224357
0.386796
0.477308
0.206570
0.333643
0.354686
0.219267
0.221092
0.262739
0.331338
0.319182
0.383488
0.396453
0.147873
0.115056
0.344884
0.212485
0.206133
0.130334
0.174861
0.379855
0.386236
0.282842
0.235339
0.493095
0.379096
0.461559
0.356972
0.304029
0.294661
0.275784
0.427410
0.257105
0.230365
0.282000
0.122205
0.442631
0.100845
0.490921
0.415918
0.145440
0.149995
0.301663
0.159058
0.222945
0.400723
0.125210
0.418994
0.270221
0.484682
0.245663
0.178848
0.273042
0.139930
0.383488
0.264359
0.325581
0.174432
0.448116
0.407799
0.104402
0.439065
0.368318
0.408244
0.270417
0.320920
0.199547
0.206920
0.350292
0.372261
0.499989
0.188253
0.189208
0.362533
0.114651
0.351040
0.306060
0.208958
0.382415
0.422662
0.480233
0.375519
0.111269
0.393186
0.300268
0.314114
0.172399
0.329561
0.262228
0.401205
0.460340
0.418727
0.361989
0.320476
0.455631
0.398146
0.219461
0.123346
0.114007
0.413197
0.303824
0.240292
0.107733
0.158051
0.365956
0.483209
0.395300
0.230413
0.120873
0.464905
0.498748
0.125891
0.362526
0.163329
0.211905
0.325083
0.227139
0.323587
0.496295
0.137695
0.144362
0.375876
0.319949
0.349982
0.335424
0.138807
0.412153
0.326700
0.296255
0.480120
0.353577
0.456751
0.296808
0.369101
0.129364
0.441641
0.235765
0.474340
0.195959
0.451828
0.469373
0.334500
0.428863
0.434100
0.354165
0.493017
0.316745
0.224834
0.137387
0.409877
0.388892
0.363932
0.447815
0.383991
0.367836
0.396086
0.231676
0.296422
0.481113
0.169328
0.453842
0.443064
0.219416
0.472334
0.342102
0.169761
0.471221
0.379803
0.254200
0.337679
0.261539
0.152155
0.142649
0.409974
0.436277
0.397748
0.455635
0.164985
0.431149
0.374802
0.457442
0.245282
0.280242
0.257166
0.155663
0.280146
0.487341
0.443680
0.281380
0.132415
0.423936
0.411572
0.348716
0.322770
0.203622
0.390094
0.475081
0.428397
0.210419
0.307591
0.295051
0.308328
0.264871
0.170151
0.210655
0.389444
0.393699
0.180307
0.323893
0.348978
0.481742
0.113744
0.321018
0.227370
0.323299
0.244445
0.174859
0.377061
0.129866
0.274992
0.243062
0.493250
0.399266
0.430197
0.388181
0.246947
0.358535
0.342766
0.333165
0.361814
0.411486
0.402510
0.167029
0.405025
0.144108
0.407011
0.220751
0.303958
0.464049
0.118749
0.173836
0.490943
0.173265
0.147257
0.336648
0.208418
0.293569
0.435691
0.304519
0.104174
0.235810
0.224583
0.174132
0.133402
0.145030
0.114929
0.315706
0.338521
0.150694
0.423479
0.101796
0.284397
0.200824
0.135218
0.393653
0.233138
0.250578
0.452599
0.380361
0.269193
0.367744
0.223425
0.249496
0.188183
0.411516
0.269296
0.273904
0.301452
0.133381
0.299360
0.201459
0.331957
0.103744
0.488142
0.389272
0.425183
0.266386
0.493188
0.416837
0.443879
0.343197
0.360078
0.374442
0.247177
0.293083
0.368965
0.244231
0.135051
0.333823
0.160682
0.118945
0.377648
0.199852
0.277341
0.319223
0.234445
0.149543
0.404242
0.256105
0.288353
0.256814
0.265313
0.483402
0.141483
0.370948
0.304820
0.444183
0.346066
0.385294
0.319274
0.156789
0.272710
0.111704
0.280348
0.207589
0.343113
0.459873
0.478086
0.317764
0.187831
0.223130
0.398752
0.220522
0.160745
0.273210
0.327465
0.359877
0.238163
0.205737
0.154455
0.184777
0.129233
0.382222
0.342698
0.418743
0.308339
0.330755
0.483835
0.270020
0.270699
0.438444
0.146949
0.227506
0.408847
0.409382
0.297411
0.108847
0.274309
0.229036
0.309224
0.276464
0.213794
0.146513
0.312394
0.271363
0.230963
0.311046
0.192720
0.436100
0.370971
0.483360
0.324004
0.454098
0.380172
0.181573
0.370847
0.351894
0.177685
0.235839
0.214245
0.316829
0.235805
0.417602
0.365599
0.136998
0.335168
0.474614
0.372341
0.230484
0.309035
0.474000
0.191548
0.125899
0.166056
0.191868
0.497655
0.124954
0.333966
0.306904
0.334503
0.230807
0.303707
0.400979
0.122556
0.132070
0.354958
0.294063
0.489391
0.213622
0.100365
0.164602
0.353763
0.427175
0.192275
0.301771
0.331048
0.378554
0.329973
0.292935
0.308094
0.303829
0.399260
0.228320
0.265606
0.208682
0.352017
0.280202
0.421450
0.134884
0.462392
0.209688
0.266841
0.468014
0.291289
0.230983
0.298110
0.428383
0.137910
0.395448
0.210083
0.138941
0.302266
0.463413
0.333697
0.377057
0.230806
0.247711
0.106735
0.192503
0.125297
0.430597
0.267306
0.262183
0.489873
0.103336
0.106009
0.189940
0.106514
0.409742
0.110508
0.322831
0.224654
0.140906
0.468149
0.238135
0.289106
0.297940
0.462347
0.342703
0.187423
0.394952
0.243589
0.187868
0.385255
0.182578
0.449297
0.134829
0.175998
0.304194
0.485883
0.156372
0.254107
0.176765
0.102696
0.411040
0.338616
0.373184
0.375586
0.463952
0.340008
0.132662
0.383387
0.409147
0.492136
0.126964
0.393232
0.177426
0.216026
0.347488
0.255911
0.101658
0.384371
0.343781
0.435583
0.125330
0.117516
0.296477
0.131729
0.400403
0.179671
0.149590
0.271971
0.122239
0.377696
0.348484
0.416546
0.189309
0.110008
0.173467
0.238599
0.306811
0.342005
0.150787
0.447691
0.316144
0.338926
0.420669
0.470529
0.153450
0.253337
0.238046
0.353037
0.251712
0.344691
0.126863
0.158261
0.128691
0.331883
0.187153
0.432432
0.217645
0.302856
0.162610
0.470517
0.445102
0.313043
0.166614
0.258013
0.484458
0.273921
0.278004
0.214889
0.398158
0.358576
0.481477
0.280899
0.472507
0.104236
0.356430
0.257162
0.471140
0.209632
0.188220
0.219817
0.106435
0.270368
0.170248
0.427688
0.398476
0.218043
0.277239
0.141687
0.292648
0.439541
0.377039
0.207043
0.143551
0.287818
0.319337
0.428072
0.456774
0.411423
0.122528
0.151764
0.355881
0.228882
0.216070
0.317594
0.484673
0.127542
0.384358
0.251622
0.160487
0.189647
0.398789
0.175099
0.393225
0.158121
0.386085
0.395044
0.431683
0.192376
0.459951
0.301454
0.181482
0.404374
0.112188
0.270365
0.355811
0.494691
0.210658
0.374018
0.160764
0.327962
0.332617
0.469196
0.276257
0.124709
0.484623
0.256502
0.226798
0.122708
0.343041
0.481523
0.135570
0.419750
0.373140
0.120915
0.312186
0.302596
0.393009
0.461054
0.262174
0.316904
0.248841
0.267460
0.298510
0.357648
0.353552
0.278022
0.496715
0.141131
0.236172
0.221509
0.360908
0.370121
0.155302
0.335158
0.440013
0.361434
0.100177
0.229522
0.438334
0.378161
0.475477
0.149571
0.477957
0.441946
0.315697
0.264651
0.237291
0.317135
0.143982
0.455910
0.115100
0.146642
0.353395
0.446531
0.440045
0.392348
0.222511
0.182829
0.269715
0.267435
0.305618
0.392604
0.388285
0.498424
0.122274
0.275484
0.235613
0.463989
0.201100
0.125887
0.487112
0.473177
0.370912
0.125194
0.197463
0.468915
0.433840
0.458264
0.173347
0.358076
0.382581
0.134518
0.185034
0.414691
0.359058
0.190730
0.474881
0.128968
0.110678
0.489703
0.262950
0.215780
0.234592
0.225294
0.305729
0.341483
0.274251
0.408846
0.456322
0.447714
0.231028
0.322799
0.239794
0.110724
0.258248
0.414696
0.482637
0.141752
0.225778
0.411027
0.408547
0.183553
0.359747
0.248912
0.425659
0.498047
0.356903
0.334493
0.104217
0.156172
0.236185
0.293239
0.344658
0.221805
0.477310
0.440374
0.355814
0.126250
0.250605
0.252661
0.393228
0.362542
0.477815
0.275338
0.221720
0.463391
0.310873
0.127285
0.208050
0.310521
0.361974
0.181147
0.124261
0.209449
0.400775
0.249828
0.140050
0.489979
0.180990
0.211975
0.438983
0.221780
0.260812
0.432822
0.365561
0.426463
0.148719
0.461342
0.290774
0.334384
0.310134
0.253020
0.436977
0.431758
0.454946
0.453934
0.120859
0.445168
0.480825
0.358858
0.246551
0.116644
0.408678
0.350735
0.288522
0.470918
0.274533
0.351848
0.256049
0.198466
0.287882
0.474300
0.235452
0.206688
0.205102
0.127801
0.370074
0.164634
0.421891
0.144969
0.460204
0.443323
0.436229
0.315174
0.388540
0.291128
0.334240
0.474817
0.480806
0.394808
0.187441
0.106780
0.283430
0.245757
0.204859
0.481089
0.385011
0.478186
0.236130
0.159268
0.262298
0.428162
0.389652
0.491940
0.388173
0.271027
0.391999
0.111991
0.440783
0.468198
0.181601
0.275719
0.283295
0.185734
0.219912
0.299300
0.410687
0.252068
0.128955
0.381538
0.458556
0.288951
0.265556
0.226120
0.478645
0.184575
0.107283
0.491761
0.278566
0.386685
0.473853
0.487533
0.411420
0.172941
0.399836
0.427612
0.499342
0.183274
0.315135
0.462155
0.244626
0.380651
0.295487
0.157223
0.398938
0.220004
0.259909
0.183391
0.323862
0.290394
0.279742
0.110658
0.105646
0.329800
0.442694
0.454063
0.316172
0.113108
0.472413
0.170311
0.338502
0.278466
0.179055
0.241970
0.447391
0.396624
0.347466
0.221076
0.153230
0.276661
0.497721
0.398067
0.491286
0.203876
0.408159
0.427687
0.126669
0.486708
0.433817
0.147669
0.101772
0.381430
0.277442
0.171515
0.388969
0.414012
0.111944
0.339642
0.203750
0.355395
0.394242
0.235768
0.186392
0.415870
0.433369
0.376400
0.148159
0.479222
0.463187
0.238388
0.203192
0.122551
0.282206
0.206350
0.467943
0.103087
0.455031
0.309396
0.237919
0.329468
0.154547
0.495163
0.321719
0.292881
0.285357
0.143113
0.356944
0.230862
0.210224
0.392415
0.132493
0.275680
0.458442
0.355167
0.382620
0.207647
0.121953
0.493410
0.483038
0.166645
0.266965
0.486604
0.313934
0.381555
0.329238
0.433217
0.185649
0.443333
0.141003
0.409089
0.105720
0.219712
0.453193
0.290267
0.315794
0.370091
0.380676
0.437995
0.148166
0.213415
0.219167
0.168970
0.373756
0.169576
0.385833
0.107635
0.339179
0.181132
0.160193
0.339200
0.384195
0.202471
0.484533
0.105685
0.260555
0.492993
0.403261
0.465363
0.113340
0.226729
0.190794
0.147306
0.438913
0.361815
0.166246
0.438550
0.328477
0.207393
0.364632
0.359428
0.363378
0.359597
0.499902
0.411164
0.370724
0.494313
0.134873
0.377328
0.444815
0.198898
0.182471
0.374035
0.423022
0.192418
0.101664
0.168221
0.380619
0.270444
0.408741
0.293246
0.106128
0.359977
0.446004
0.113061
0.155394
0.108082
0.159820
0.127411
0.464364
0.441075
0.272273
0.352082
0.319964
0.153526
0.437066
0.217300
0.225569
0.278771
0.280848
0.120292
0.453979
0.480456
0.273724
0.485377
0.402278
0.286189
0.130291
0.201869
0.226936
0.370125
0.429231
0.110759
0.216303
0.454808
0.319942
0.488472
0.481376
0.401657
0.319190
0.417697
