   0.0000000000000000e+00  -0.0000000000000000e+00   0.0000000000000000e+00
   5.0000000000000000e+00  -0.0000000000000000e+00   0.0000000000000000e+00
   2.5000000000000000e+00  -4.3300999999999998e+00   0.0000000000000000e+00
   0.0000000000000000e+00  -0.0000000000000000e+00   8.0000000000000000e+00
   5.0000000000000000e+00  -0.0000000000000000e+00   8.0000000000000000e+00
   2.5000000000000000e+00  -4.3300999999999998e+00   8.0000000000000000e+00
   0.0000000000000000e+00  -0.0000000000000000e+00   1.6000000000000000e+01
   5.0000000000000000e+00  -0.0000000000000000e+00   1.6000000000000000e+01
   2.5000000000000000e+00  -4.3300999999999998e+00   1.6000000000000000e+01
   0.0000000000000000e+00  -0.0000000000000000e+00   2.4000000000000000e+01
   5.0000000000000000e+00  -0.0000000000000000e+00   2.4000000000000000e+01
   2.5000000000000000e+00  -4.3300999999999998e+00   2.4000000000000000e+01
   0.0000000000000000e+00  -0.0000000000000000e+00   3.2000000000000000e+01
   5.0000000000000000e+00  -0.0000000000000000e+00   3.2000000000000000e+01
   2.5000000000000000e+00  -4.3300999999999998e+00   3.2000000000000000e+01
   0.0000000000000000e+00  -0.0000000000000000e+00   4.0000000000000000e+01
   5.0000000000000000e+00  -0.0000000000000000e+00   4.0000000000000000e+01
   2.5000000000000000e+00  -4.3300999999999998e+00   4.0000000000000000e+01
   0.0000000000000000e+00  -0.0000000000000000e+00   4.8000000000000000e+01
   5.0000000000000000e+00  -0.0000000000000000e+00   4.8000000000000000e+01
   2.5000000000000000e+00  -4.3300999999999998e+00   4.8000000000000000e+01
   2.5000000000000000e+00  -0.0000000000000000e+00   5.4000000000000000e+01
   2.5000000000000000e+00   3.8000000000000000e+01   5.0000000000000000e+01
   0.0000000000000000e+00   8.0000000000000000e+00   4.8000000000000000e+01
   5.0000000000000000e+00   8.0000000000000000e+00   4.8000000000000000e+01
   2.5000000000000000e+00   8.0000000000000000e+00   5.4000000000000000e+01
   0.0000000000000000e+00   1.6000000000000000e+01   4.8000000000000000e+01
   5.0000000000000000e+00   1.6000000000000000e+01   4.8000000000000000e+01
   2.5000000000000000e+00   1.6000000000000000e+01   5.4000000000000000e+01
   0.0000000000000000e+00   2.4000000000000000e+01   4.8000000000000000e+01
   5.0000000000000000e+00   2.4000000000000000e+01   4.8000000000000000e+01
   2.5000000000000000e+00   2.4000000000000000e+01   5.4000000000000000e+01
   0.0000000000000000e+00   3.2000000000000000e+01   4.8000000000000000e+01
   5.0000000000000000e+00   3.2000000000000000e+01   4.8000000000000000e+01
   2.5000000000000000e+00   3.2000000000000000e+01   5.4000000000000000e+01
   0.0000000000000000e+00  -8.0000000000000000e+00   4.8000000000000000e+01
   5.0000000000000000e+00  -8.0000000000000000e+00   4.8000000000000000e+01
   2.5000000000000000e+00  -8.0000000000000000e+00   5.4000000000000000e+01
   2.5000000000000000e+00  -1.4000000000000000e+01   5.0000000000000000e+01
